点集：关节角度
第一个面
0         0   -0.2800		|		 0  -52.1781 -141.1143	
0.9338    0.6539   -0.2800	|		35.0000  -16.2602         0
0.5324    0.3728   -0.8700	|		35.0000  -53.0520  -17.1376
0         0   -0.9500		|		0  -85.9466  -29.5646
0         0   -0.2800		|		 0  -52.1781 -141.1143

第二个面
0.9338    0.6539   -0.2800  |       35.0000  -16.2602         0
1.1400         0   -0.2800  |       0  -16.2602         0
0.6500         0   -0.8700  |       0  -53.0520  -17.1376
0.5324    0.3728   -0.8700  |       35.0000  -53.0520  -17.1376
0.9338    0.6539   -0.2800  |       35.0000  -16.2602         0

第三个面：
0         0   -0.2800       |       0  -52.1781 -141.1143
0.9338   -0.6539   -0.2800  |       -35.0000  -16.2602         0
0.5324   -0.3728   -0.8700  |       -35.0000  -53.0520  -17.1376
0         0   -0.9500       |       0  -85.9466  -29.5646
0         0   -0.2800       |       0  -52.1781 -141.1143

第四个面：
0.9338   -0.6539   -0.2800  |       -35.0000  -16.2602         0
1.1400         0   -0.2800  |       0  -16.2602         0
0.6500         0   -0.8700  |       0  -53.0520  -17.1376
0.5324   -0.3728   -0.8700  |       -35.0000  -53.0520  -17.1376
0.9338   -0.6539   -0.2800  |       -35.0000  -16.2602         0

顶面：
0         0   -0.2800       |       0  -52.1781 -141.1143
0.9338   -0.6539   -0.2800  |       -35.0000  -16.2602         0
1.1400         0   -0.2800  |       0  -16.2602         0、
0.9338    0.6539   -0.2800  |       35.0000  -16.2602         0
0         0   -0.2800       |       0  -52.1781 -141.1143

地面1：

底面2：
