0.002263
0.001199
0.000883
0.001234
0.001148
0.001013
0.001042
0.001263
0.000906
0.000803
0.000488
0.001154
0.000718
0.000892
0.001113
0.000661
0.000916
0.000941
0.000878
0.000743
0.000819
0.000988
0.000611
0.001316
0.001427
0.000699
0.000628
0.001058
0.00076
0.001085
0.000992
0.001331
0.000803
0.000647
0.001026
0.00055
0.000709
0.000956
0.000938
0.000796
0.000508
0.000771
0.001049
0.001001
0.001199
0.000885
0.000546
0.000844
0.001536
0.000514
0.000696
0.001258
0.000696
0.001121
0.001431
0.000836
0.001173
0.000854
0.000971
0.001176
0.000792
0.000902
0.001239
0.00187
0.000457
0.001017
0.000565
0.000934
0.000839
0.001181
0.000988
0.000556
0.000591
0.00097
0.001562
0.001046
0.001017
0.000873
0.000687
0.00095
0.000851
0.001063
0.000846
0.000885
0.000785
0.001267
0.000656
0.000751
0.000931
0.000696
0.001016
0.000791
0.001033
0.000968
0.000705
0.000971
0.001128
0.000928
0.000676
0.000595
0.00096
0.000871
0.001316
0.000915
0.001673
0.000988
0.000925
0.001033
0.001047
0.00068
0.000911
0.001311
0.001362
0.001255
0.000501
0.001253
0.000981
0.000905
0.001154
0.000988
0.00071
0.000775
0.000871
0.00081
0.001328
0.000976
0.001023
0.001033
0.001101
0.000835
0.000982
0.000994
0.00089
0.00096
0.001061
0.0011
0.000735
0.001105
0.001028
0.000648
0.000611
0.0011
0.000571
0.001344
0.001476
0.000967
0.000515
0.000857
0.001001
0.001042
0.000624
0.000713
0.000972
0.001552
0.001217
0.000786
0.000908
0.000838
0.001098
0.000721
0.000825
0.00088
0.00196
0.000997
0.001125
0.00078
0.001002
0.000489
0.000793
0.00091
0.001037
0.000932
0.000954
0.000768
0.001137
0.000444
0.000565
0.000868
0.000877
0.000808
0.000816
0.001009
0.000865
0.001006
0.000733
0.001063
0.000465
0.001133
0.001022
0.000971
0.000758
0.001066
0.000948
0.000984
0.001271
0.000668
0.001074
0.000764
0.000626
0.000769
0.000985
0.001065
0.000711
0.000959
0.000858
0.000755
0.000741
0.00083
0.001097
0.001292
0.00103
0.001104
0.000751
0.000763
0.001391
0.000908
0.001253
0.000556
0.000938
0.000674
0.001353
0.001141
0.000885
0.000593
0.000497
0.000495
0.000998
0.000531
0.00062
0.000915
0.000923
0.000668
0.000538
0.000999
0.00072
0.000524
0.000786
0.001118
0.000944
0.001323
0.000648
0.000794
0.000877
0.000576
0.000781
0.000636
0.000836
0.000622
0.000566
0.000483
0.001167
0.001207
0.000893
0.001084
0.001002
0.001397
0.001443
0.000952
0.000783
0.000692
0.001462
0.000802
0.000773
0.000693
0.000878
0.000605
0.001169
0.000772
0.000729
0.000874
0.000897
0.001027
0.001188
0.000942
0.000883
0.000555
0.000943
0.000993
0.000623
0.00052
0.000488
0.001027
0.000764
0.000466
0.000859
0.000726
0.00108
0.000957
0.00092
0.001066
0.000752
0.000447
0.0005
0.001293
0.001129
0.000591
0.001116
0.000509
0.001103
0.000704
0.00057
0.00111
0.001045
0.000958
0.000938
0.000895
0.00087
0.001025
0.000903
0.001133
0.000796
0.000678
0.000704
0.001169
0.000644
0.000696
0.00115
0.000785
0.000793
0.001131
0.001011
0.000723
0.000556
0.001126
0.000754
0.001003
0.001216
0.001399
0.000744
0.000857
0.000772
0.000812
0.000707
0.001075
0.000986
0.000867
0.000605
0.001012
0.001018
0.000942
0.001023
0.000851
0.000914
0.000666
0.001019
0.00113
0.001076
0.001069
0.001432
0.000632
0.000937
0.000682
0.000822
0.001121
0.001153
0.001091
0.001072
0.00136
0.000551
0.001234
0.000877
0.00104
0.0015
0.001022
0.000932
0.000648
0.000908
0.000794
0.000855
0.000469
0.001123
0.001038
0.001067
0.001119
0.001004
0.000575
0.000593
0.001508
0.000604
0.000907
0.000865
0.000783
0.00105
0.000521
0.000851
0.000774
0.00114
0.001232
0.000765
0.000855
0.001207
0.00085
0.000885
0.001218
0.000929
0.000588
0.001068
0.001029
0.000862
0.000909
0.001049
0.000934
0.000956
0.001184
0.000615
0.000706
0.001246
0.001157
0.00088
0.00066
0.000956
0.000795
0.000768
0.001371
0.001274
0.000911
0.000504
0.000707
0.001041
0.000914
0.00102
0.000947
0.000601
0.000753
0.000732
0.001007
0.001179
0.000905
0.000934
0.00047
0.000998
0.000754
0.000942
0.000706
0.001438
0.000745
0.000701
0.001104
0.000932
0.000993
0.000769
0.000558
0.000515
0.000805
0.001221
0.001179
0.001044
0.000961
0.000947
0.000977
0.00122
0.001298
0.001078
0.000961
0.00088
0.001161
0.000714
0.0009
0.000989
0.000841
0.001002
0.001228
0.001135
0.000909
0.000957
0.000946
0.000899
0.000971
0.000814
0.001333
0.001222
0.00116
0.000751
0.000742
0.000549
0.000657
0.000793
0.001537
0.000905
0.00041
0.001319
0.000776
0.000573
0.000719
0.000926
0.000832
0.001004
0.001068
0.000499
0.000673
0.000554
0.000845
0.001443
0.000778
0.001038
0.000771
0.000691
0.001097
0.001205
0.000736
0.000823
0.000871
0.000771
0.001423
0.000882
0.000771
0.0008
0.000645
0.001
0.001252
0.001271
0.000801
0.000551
0.000991
0.001031
0.000661
0.000793
0.000826
0.000826
0.000979
0.001087
0.000594
0.00093
0.001165
0.001294
0.001043
0.00067
0.001135
0.001257
0.001088
0.001539
0.001103
0.000775
0.000691
0.000786
0.00073
0.000754
0.001079
0.001135
0.000876
0.001566
0.001059
0.001124
0.000815
0.001515
0.000703
0.001246
0.001262
0.001593
0.000723
0.001469
0.000577
0.000805
0.000944
0.000831
0.000781
0.00056
0.001021
0.001551
0.000648
0.001098
0.001308
0.001336
0.00107
0.001094
0.001072
0.001297
0.000623
0.001247
0.001226
0.001012
0.000703
0.000794
0.000588
0.001044
0.001162
0.000985
0.000724
0.000936
0.000889
0.001307
0.000704
0.00114
0.00052
0.00137
0.00156
0.001108
0.001368
0.000932
0.000758
0.000871
0.000807
0.000623
0.000703
0.001087
0.000983
0.001335
0.001304
0.001065
0.000694
0.000698
0.000961
0.000565
0.000694
0.000796
0.000601
0.000993
0.001003
0.00105
0.001245
0.000956
0.001104
0.001127
0.000482
0.001033
0.001213
0.000976
0.00059
0.00118
0.000816
0.00069
0.001309
0.000575
0.000569
0.001023
0.000973
0.000921
0.001087
0.000785
0.000845
0.000941
0.000869
0.001365
0.0013
0.000829
0.001219
0.001187
0.001053
0.000747
0.001061
0.001456
0.001089
0.001459
0.001196
0.000964
0.001352
0.000509
0.000938
0.001471
0.001092
0.00127
0.001139
0.001121
0.001867
0.001457
0.000965
0.001191
0.000918
0.001
0.001393
0.001172
0.000944
0.001087
0.000694
0.000645
0.001134
0.000889
0.001694
0.000899
0.001352
0.000985
0.000558
0.001144
0.000611
0.000585
0.000679
0.000888
0.000615
0.001041
0.000593
0.001044
0.001148
0.00096
0.001012
0.000848
0.000684
0.000987
0.000953
0.000811
0.001032
0.000816
0.001348
0.001058
0.001007
0.001214
0.001119
0.00064
0.001514
0.000711
0.000919
0.001167
0.001533
0.000789
0.001116
0.000742
0.000822
0.000555
0.000712
0.000774
0.001031
0.000607
0.0006
0.000838
0.001084
0.001223
0.000952
0.00105
0.000905
0.000946
0.000604
0.00121
0.000539
0.001213
0.001219
0.000934
0.001061
0.001246
0.000633
0.000639
0.001146
0.000509
0.000705
0.001107
0.000941
0.001259
0.0005
0.001024
0.000936
0.000949
0.000902
0.000698
0.000891
0.001015
0.001096
0.000778
0.001151
0.000575
0.00095
0.000559
0.000586
0.000569
0.000904
0.000801
0.001221
0.001138
0.001319
0.000925
0.000777
0.000725
0.001487
0.000913
0.00119
0.000876
0.00173
0.001274
0.001673
0.001375
0.000961
0.00114
0.000734
0.000882
0.001253
0.000924
0.001246
0.000691
0.000998
0.000846
0.000569
0.001191
0.001162
0.001053
0.000909
0.000908
0.000806
0.00116
0.001041
0.001196
0.00098
0.000621
0.000568
0.000903
0.001185
0.000684
0.000897
0.000847
0.001042
0.001091
0.00085
0.000912
0.001252
0.000618
0.000596
0.000734
0.001003
0.000945
0.001142
0.001338
0.001449
0.000847
0.000838
0.000921
0.001126
0.00118
0.000936
0.000849
0.000636
0.000785
0.000896
0.000871
0.001031
0.000948
0.001259
0.001097
0.000561
0.000699
0.000618
0.001199
0.001217
0.001252
0.000707
0.001063
0.000976
0.000826
0.000977
0.00128
0.001198
0.001142
0.000586
0.001138
0.001032
0.000851
0.000616
0.000912
0.000847
0.001044
0.000595
0.001621
0.000841
0.0009
0.000902
0.00129
0.000709
0.001101
0.000874
0.000903
0.000925
0.001142
0.000891
0.001219
0.001211
0.0009
0.001124
0.001347
0.000893
0.000869
0.000718
0.000794
0.001197
0.001073
0.001102
0.001103
0.000509
0.001412
0.000897
0.001268
0.001593
0.001111
0.001126
0.000835
0.001591
0.001214
0.001354
0.001018
0.00055
0.001004
0.001011
0.001138
0.001027
0.001086
0.001114
0.000847
0.000849
0.00066
0.000971
0.000951
0.001142
0.001406
0.001021
0.00127
0.000955
0.000812
0.000835
0.000692
0.00116
0.000678
0.000451
0.000917
0.00102
0.000951
0.001491
0.000853
0.000674
0.000669
0.001123
0.001382
0.000892
0.001093
0.000979
0.001065
0.000674
0.001029
0.000686
0.000791
0.000722
0.001115
0.000977
0.001302
0.001264
0.000841
0.00096
0.001144
0.000937
0.000953
0.000725
0.001082
0.000776
0.000787
0.001423
0.000687
0.000896
0.000705
0.001086
0.001265
0.00099
0.001143
0.001062
0.001122
0.001061
0.000669
0.000938
0.00111
0.000882
0.000878
0.000811
0.000595
0.001077
0.000924
0.000707
0.000954
0.000684
0.001126
0.001195
0.000929
0.00069
0.001014
0.001179
0.001045
0.00075
0.001036
0.000776
0.001231
0.001563
0.000841
0.000919
0.0009
0.00137
0.001155
0.001034
0.000677
0.000723
0.000582
0.000858
0.000976
0.000608
0.001117
0.000887
0.000927
0.000886
0.000513
0.001266
0.001112
0.001241
0.00098
0.001273
0.001494
0.000942
0.001015
0.000688
0.000764
0.001368
