0.001651
0.000964
0.001015
0.001073
0.000777
0.001045
0.000886
0.001291
0.000666
0.000481
0.000652
0.001125
0.001031
0.000931
0.000695
0.000765
0.000872
0.001214
0.000955
0.001178
0.001398
0.000666
0.000947
0.001162
0.000924
0.000891
0.000966
0.000681
0.000912
0.000839
0.000707
0.001
0.000561
0.000723
0.001037
0.000681
0.001025
0.001002
0.000884
0.001014
0.000665
0.001007
0.000957
0.001468
0.000822
0.000805
0.000524
0.000885
0.00114
0.000682
0.000873
0.000539
0.000857
0.001026
0.00051
0.000889
0.000765
0.000949
0.000822
0.000662
0.001012
0.000837
0.00097
0.000882
0.000905
0.00076
0.000807
0.000979
0.000479
0.000653
0.001073
0.000994
0.00103
0.000498
0.000875
0.001285
0.000748
0.000764
0.000779
0.001256
0.000921
0.000562
0.000895
0.0005
0.000755
0.001196
0.00117
0.000704
0.00098
0.00086
0.000742
0.000446
0.000999
0.001199
0.000824
0.000881
0.001213
0.000498
0.000913
0.000931
0.001123
0.000964
0.000774
0.00107
0.000498
0.000958
0.000488
0.000811
0.000762
0.000817
0.001357
0.001293
0.001789
0.001092
0.001173
0.000769
0.000501
0.000939
0.000847
0.00152
0.000663
0.000724
0.000802
0.000725
0.00082
0.001073
0.000885
0.000952
0.000783
0.000909
0.000926
0.001239
0.001063
0.001214
0.000489
0.000906
0.000529
0.001079
0.0009
0.001195
0.001071
0.001292
0.000681
0.000874
0.000984
0.0014
0.001202
0.000867
0.001848
0.001048
0.001308
0.001011
0.001158
0.001216
0.000836
0.001857
0.001038
0.000661
0.000825
0.000995
0.001175
0.000931
0.000642
0.000922
0.001042
0.001034
0.00073
0.000694
0.00072
0.00111
0.000803
0.000943
0.000818
0.000943
0.000854
0.001152
0.001024
0.001023
0.000981
0.000627
0.000898
0.001243
0.001144
0.000896
0.000821
0.000873
0.000995
0.000532
0.001068
0.001182
0.000917
0.000813
0.000601
0.001
0.000842
0.000899
0.001278
0.000642
0.000963
0.00078
0.000734
0.001014
0.000587
0.001322
0.001132
0.000769
0.000971
0.000983
0.001127
0.000522
0.00087
0.001239
0.00171
0.000561
0.001074
0.000831
0.000677
0.000883
0.001173
0.000873
0.001508
0.000554
0.001202
0.000873
0.000678
0.001394
0.000671
0.000796
0.000777
0.000997
0.00092
0.00082
0.000495
0.000786
0.000683
0.001119
0.001287
0.000959
0.000954
0.000486
0.00113
0.000696
0.000762
0.000789
0.001242
0.000758
0.000588
0.000716
0.000773
0.000805
0.001171
0.000986
0.001276
0.000847
0.000598
0.000626
0.000767
0.000985
0.001072
0.001015
0.001015
0.000926
0.000764
0.00099
0.000559
0.000739
0.00119
0.00055
0.000974
0.000703
0.000739
0.001027
0.000732
0.000981
0.00076
0.000905
0.000811
0.000545
0.001105
0.000546
0.000591
0.000609
0.001059
0.000976
0.001108
0.000542
0.000783
0.00106
0.001253
0.000671
0.001005
0.000658
0.001016
0.000481
0.000792
0.000881
0.000971
0.000662
0.000919
0.001147
0.000961
0.000807
0.000505
0.000991
0.000726
0.000642
0.001051
0.001482
0.001074
0.000971
0.001238
0.000634
0.000609
0.000731
0.000797
0.000713
0.000924
0.000846
0.000845
0.000914
0.000744
0.001232
0.000765
0.000554
0.000627
0.001113
0.000624
0.000864
0.001017
0.000867
0.001265
0.000491
0.000947
0.000601
0.00112
0.000941
0.000787
0.001482
0.000649
0.000543
0.000489
0.000492
0.000895
0.000776
0.000884
0.000951
0.00072
0.00066
0.000526
0.000892
0.000912
0.000891
0.000559
0.001091
0.001331
0.001005
0.000497
0.000921
0.000732
0.001011
0.001124
0.001317
0.001276
0.000854
0.001046
0.000605
0.001161
0.000777
0.000906
0.000485
0.000927
0.000584
0.000893
0.001079
0.00101
0.000807
0.000873
0.000938
0.00105
0.000911
0.000508
0.00079
0.000583
0.000987
0.000969
0.000839
0.001089
0.001433
0.001023
0.000479
0.001016
0.000697
0.001445
0.000508
0.000758
0.0009
0.000629
0.001111
0.000688
0.000464
0.001131
0.000585
0.000766
0.000633
0.000644
0.000507
0.000921
0.001102
0.000907
0.000906
0.001198
0.000703
0.000497
0.001116
0.001314
0.000892
0.000647
0.000601
0.000947
0.000972
0.001061
0.000692
0.000765
0.000939
0.001158
0.00096
0.000784
0.00101
0.000929
0.000952
0.000763
0.000576
0.001236
0.000665
0.000877
0.00104
0.000718
0.000833
0.000761
0.000693
0.000763
0.000832
0.001454
0.001168
0.001266
0.000807
0.000932
0.00074
0.001084
0.000634
0.001077
0.000518
0.001256
0.000945
0.000894
0.000757
0.000899
0.00119
0.001251
0.00114
0.001011
0.000592
0.000968
0.000666
0.00099
0.000551
0.000474
0.000901
0.000745
0.000718
0.00088
0.001255
0.000711
0.000885
0.00061
0.000904
0.000547
0.001223
0.000709
0.001025
0.001149
0.000503
0.001063
0.000669
0.000992
0.001054
0.000826
0.001103
0.000836
0.001229
0.000708
0.000434
0.000713
0.001272
0.000736
0.000817
0.00069
0.001278
0.001217
0.001373
0.00109
0.000881
0.000995
0.000745
0.000717
0.000907
0.001017
0.001678
0.00063
0.001589
0.000603
0.000637
0.000912
0.000924
0.001137
0.001099
0.00105
0.001067
0.000682
0.000826
0.000976
0.001216
0.000582
0.000825
0.001073
0.000865
0.001027
0.001153
0.001066
0.001145
0.001095
0.00123
0.000835
0.000792
0.000916
0.000957
0.001825
0.001347
0.001647
0.001109
0.00121
0.000557
0.000738
0.000576
0.000958
0.000814
0.0011
0.000866
0.000789
0.000745
0.001214
0.000817
0.000571
0.001062
0.000854
0.001087
0.000727
0.001112
0.000971
0.001324
0.000835
0.000859
0.000815
0.00119
0.001181
0.00086
0.001374
0.00111
0.00116
0.001144
0.001378
0.000769
0.000726
0.000966
0.000655
0.000454
0.000665
0.000648
0.000977
0.000952
0.000758
0.000596
0.000711
0.000912
0.000825
0.001586
0.001439
0.001043
0.000697
0.000781
0.00103
0.000781
0.00088
0.00076
0.00096
0.001378
0.001092
0.00119
0.000951
0.000729
0.000873
0.000504
0.001264
0.000869
0.001343
0.000831
0.000788
0.001016
0.000599
0.001244
0.001223
0.001072
0.000498
0.000558
0.000857
0.001175
0.000576
0.001083
0.000969
0.001012
0.000477
0.000937
0.001031
0.000898
0.000927
0.000906
0.000756
0.000731
0.000802
0.000988
0.000943
0.000884
0.000838
0.000767
0.00121
0.001137
0.001227
0.00054
0.000909
0.001323
0.000782
0.001063
0.001083
0.001166
0.000778
0.000594
0.000575
0.001066
0.000634
0.00096
0.00118
0.000557
0.000566
0.000574
0.000975
0.001001
0.001033
0.000984
0.001027
0.001106
0.000814
0.000583
0.000602
0.001112
0.000647
0.000877
0.000794
0.001279
0.000956
0.000976
0.000815
0.000513
0.001118
0.001097
0.001227
0.000889
0.001095
0.000685
0.001171
0.000548
0.001117
0.000671
0.000817
0.000688
0.000841
0.001202
0.001195
0.000801
0.001109
0.000659
0.000816
0.000992
0.001194
0.001141
0.000994
0.000694
0.00107
0.000854
0.000668
0.00103
0.001296
0.000896
0.001045
0.000766
0.000579
0.001249
0.001063
0.000843
0.001111
0.000672
0.001229
0.000511
0.000747
0.001149
0.000831
0.001155
0.000761
0.001204
0.000702
0.000783
0.000956
0.000939
0.000967
0.001758
0.001222
0.001497
0.000784
0.000678
0.000983
0.00101
0.001146
0.001379
0.000633
0.001065
0.000911
0.000629
0.001026
0.000799
0.000785
0.001357
0.000878
0.000964
0.000855
0.001204
0.000875
0.000808
0.000893
0.000565
0.000448
0.000891
0.000756
0.001073
0.00075
0.001254
0.001065
0.000845
0.001085
0.001374
0.00137
0.000762
0.001868
0.00086
0.000909
0.001
0.000931
0.000866
0.000605
0.001581
0.001016
0.001134
0.001363
0.001496
0.000975
0.001035
0.000847
0.000935
0.000785
0.000887
0.00062
0.000499
0.000906
0.000811
0.001013
0.000755
0.000857
0.001117
0.00078
0.000863
0.000523
0.000891
0.000888
0.000668
0.000773
0.000842
0.001074
0.001132
0.000494
0.00095
0.000635
0.001114
0.000787
0.000509
0.000739
0.000827
0.000899
0.001105
0.000764
0.000819
0.00055
0.000878
0.001072
0.000964
0.000998
0.000706
0.000978
0.000855
0.00116
0.001069
0.000614
0.000787
0.00067
0.000679
0.001018
0.000667
0.001155
0.00074
0.001123
0.000869
0.000935
0.000977
0.000831
0.00096
0.000858
0.000532
0.000484
0.000895
0.000793
0.000918
0.000907
0.001184
0.00086
0.000574
0.000971
0.000984
0.001518
0.00094
0.000853
0.001263
0.000779
0.000793
0.000986
0.001075
0.001017
0.001003
0.00069
0.000901
0.000881
0.001134
0.001119
0.000574
0.000923
0.000738
0.001099
0.000907
0.000554
0.000837
0.001057
0.000776
0.001252
0.001002
0.001209
0.001101
0.000669
0.000619
0.000662
0.000679
0.00066
0.000553
0.000988
0.000585
0.000965
0.000866
0.000677
0.001231
0.001277
0.000983
0.001003
0.000896
0.000949
0.000567
0.000975
0.001155
0.000815
0.000663
0.001245
0.000809
0.000678
0.000655
0.000988
0.000593
0.00141
0.000954
0.00083
0.001257
0.000811
0.000443
0.001071
0.001024
0.000838
0.00049
0.001128
0.000856
0.000934
0.000551
0.000814
0.000998
0.000845
0.001135
0.000895
0.001312
0.000846
0.000926
0.001044
0.000703
0.000696
0.001538
0.000942
0.00088
0.000793
0.001173
0.000669
0.000825
0.000839
0.000999
0.001093
0.00052
0.001033
0.000808
0.001108
0.000838
0.000815
0.001281
0.000886
0.000633
0.001007
0.001242
0.000809
0.000852
0.000679
0.000892
0.001241
0.000704
0.001098
0.000663
0.001104
0.000943
0.001228
0.001037
0.001357
0.000738
0.001055
0.001051
0.000947
0.000862
0.000823
0.001032
0.00077
0.000955
0.001068
0.001141
0.000663
0.000998
0.001136
0.000731
0.000576
0.000873
0.000712
0.000766
0.000583
0.001163
0.00079
0.000812
0.000852
0.00082
0.000759
0.000822
0.000789
0.001152
0.000707
0.000544
0.000771
0.000874
0.000644
0.000814
0.000716
0.000542
0.000699
0.000953
0.001037
0.00135
