0.002321
0.001277
0.001374
0.00183
0.001218
0.001866
0.001792
0.001936
0.001783
0.001111
0.001478
0.001529
0.001403
0.001317
0.000943
0.001666
0.00107
0.001707
0.00138
0.00116
0.000873
0.001756
0.001269
0.001586
0.001842
0.001619
0.002037
0.001693
0.001221
0.00148
0.001854
0.001442
0.001111
0.001583
0.001592
0.001266
0.000855
0.001669
0.001578
0.001043
0.001322
0.001455
0.001593
0.001649
0.00181
0.001358
0.000867
0.001161
0.002109
0.001267
0.001204
0.001964
0.000969
0.00161
0.00134
0.00198
0.000993
0.001275
0.001646
0.000916
0.002332
0.001115
0.000888
0.002068
0.001251
0.000848
0.000802
0.001041
0.001484
0.00188
0.001472
0.001357
0.000853
0.00166
0.001981
0.001303
0.00158
0.001144
0.001128
0.001731
0.001582
0.001997
0.001825
0.001102
0.001077
0.001299
0.001999
0.001548
0.001554
0.001167
0.001639
0.001307
0.001329
0.001651
0.00164
0.0019
0.00117
0.000808
0.001436
0.001131
0.00133
0.001672
0.001332
0.001461
0.002758
0.002091
0.001334
0.001462
0.001792
0.001248
0.001367
0.002051
0.001174
0.001691
0.000911
0.002149
0.001617
0.001322
0.001838
0.001348
0.001426
0.001873
0.000835
0.001203
0.001357
0.000978
0.00148
0.001879
0.001618
0.001126
0.001035
0.001382
0.001963
0.000981
0.000781
0.001924
0.001288
0.001441
0.001801
0.001204
0.001322
0.001546
0.001487
0.0018
0.001379
0.002595
0.001647
0.002185
0.001459
0.002098
0.001435
0.001275
0.000881
0.001505
0.000828
0.002116
0.001491
0.001774
0.001353
0.001457
0.001471
0.001049
0.000752
0.001485
0.001631
0.000787
0.001336
0.002201
0.002057
0.001679
0.001554
0.001065
0.000956
0.001144
0.001005
0.001925
0.001646
0.001494
0.001348
0.000939
0.001542
0.001073
0.001487
0.001892
0.0016
0.001619
0.001191
0.001769
0.000928
0.000882
0.001559
0.001276
0.00176
0.001396
0.001253
0.000894
0.001532
0.00173
0.001457
0.001787
0.001156
0.001843
0.001945
0.000889
0.000949
0.001608
0.001786
0.000953
0.00133
0.001832
0.001726
0.001851
0.002157
0.001798
0.001166
0.001356
0.002162
0.001509
0.001512
0.001526
0.001197
0.001957
0.001615
0.001027
0.001555
0.001358
0.001555
0.000846
0.002108
0.001579
0.002026
0.00314
0.001239
0.001241
0.001804
0.001671
0.000873
0.001711
0.001438
0.001259
0.001865
0.001595
0.001856
0.002124
0.001976
0.001478
0.001461
0.002355
0.000938
0.000852
0.001188
0.001972
0.001882
0.001
0.001344
0.001731
0.000943
0.001083
0.000969
0.00141
0.001426
0.000812
0.001673
0.000784
0.001506
0.001262
0.001371
0.001021
0.001378
0.001098
0.000846
0.001692
0.000783
0.001386
0.001172
0.001251
0.002147
0.001799
0.001513
0.001316
0.001745
0.002285
0.0016
0.001945
0.001332
0.001901
0.001398
0.001825
0.001122
0.001957
0.001423
0.00138
0.001595
0.001557
0.001864
0.001133
0.00161
0.001955
0.001932
0.002072
0.001597
0.001329
0.00191
0.001552
0.001638
0.001422
0.001108
0.001638
0.002669
0.001441
0.001943
0.00143
0.001629
0.001708
0.000786
0.000725
0.001689
0.002065
0.002353
0.00123
0.000902
0.001305
0.002055
0.002065
0.00147
0.000857
0.001666
0.002709
0.001364
0.0016
0.001318
0.001522
0.001326
0.00154
0.000921
0.000917
0.001348
0.002322
0.001105
0.001661
0.001578
0.001386
0.000895
0.001916
0.002067
0.002045
0.001768
0.001352
0.001676
0.001889
0.001697
0.001495
0.001904
0.001764
0.001717
0.002226
0.002739
0.002528
0.002226
0.002424
0.003107
0.001244
0.001374
0.002617
0.002466
0.001769
0.002739
0.001313
0.001349
0.001565
0.001485
0.001544
0.001066
0.001611
0.00132
0.001525
0.001986
0.001906
0.002231
0.001997
0.001196
0.001027
0.00097
0.001351
0.001815
0.002018
0.001476
0.001145
0.001348
0.001908
0.000881
0.001932
0.001776
0.001752
0.001337
0.000959
0.001708
0.001727
0.001957
0.001861
0.001144
0.001698
0.001619
0.001433
0.001667
0.000899
0.001661
0.002659
0.001934
0.0019
0.000998
0.001187
0.000915
0.001018
0.001329
0.001106
0.001551
0.001554
0.001253
0.0017
0.001537
0.001718
0.001761
0.0014
0.001851
0.001515
0.001081
0.001576
0.001237
0.002
0.001157
0.00137
0.001198
0.001796
0.001265
0.001353
0.001801
0.001301
0.001541
0.000778
0.002047
0.001454
0.002132
0.001705
0.001941
0.001507
0.001632
0.001587
0.00097
0.001522
0.001822
0.001372
0.00126
0.001212
0.001599
0.001495
0.001557
0.001566
0.001497
0.001819
0.001533
0.000997
0.001007
0.001411
0.00161
0.001701
0.001825
0.001616
0.001689
0.00168
0.002241
0.001401
0.001512
0.00173
0.001462
0.001146
0.001736
0.002084
0.002369
0.001544
0.001856
0.00159
0.001328
0.002304
0.00186
0.001672
0.001616
0.001077
0.001283
0.001607
0.00172
0.001649
0.001321
0.001389
0.002319
0.00216
0.001741
0.001185
0.001702
0.000864
0.001909
0.002118
0.001923
0.001944
0.001194
0.002135
0.001017
0.002264
0.001006
0.001829
0.001037
0.00169
0.002506
0.002005
0.001573
0.001768
0.000822
0.001446
0.001353
0.001212
0.001649
0.001801
0.001793
0.002158
0.001499
0.001506
0.001589
0.000904
0.001832
0.001967
0.00163
0.001193
0.002488
0.00232
0.001516
0.001668
0.001331
0.001055
0.002218
0.001582
0.001495
0.001145
0.001939
0.002122
0.00175
0.000887
0.002042
0.001664
0.00109
0.001917
0.001244
0.001584
0.000944
0.001467
0.002255
0.002026
0.001917
0.001445
0.001709
0.001614
0.001664
0.001393
0.002016
0.001173
0.001939
0.001348
0.001507
0.001778
0.00162
0.001192
0.000901
0.001613
0.001646
0.000913
0.001342
0.001825
0.001295
0.001692
0.00158
0.001501
0.001394
0.001712
0.00203
0.001585
0.001523
0.002311
0.002336
0.001508
0.001505
0.000894
0.001466
0.001123
0.001488
0.001833
0.001382
0.001212
0.001113
0.001766
0.001504
0.001795
0.001676
0.002439
0.001295
0.001646
0.00193
0.001018
0.001665
0.000853
0.00096
0.000889
0.00116
0.002103
0.001708
0.002049
0.001175
0.002186
0.001577
0.001724
0.001749
0.001895
0.001263
0.001602
0.002052
0.002696
0.001399
0.001443
0.001338
0.002062
0.001147
0.001914
0.002121
0.00145
0.002001
0.00193
0.001887
0.001322
0.001598
0.002034
0.000938
0.001118
0.001497
0.001679
0.001615
0.001862
0.000989
0.001381
0.001397
0.000801
0.001758
0.001644
0.001879
0.001733
0.001715
0.001317
0.000963
0.001127
0.001344
0.001167
0.00133
0.001957
0.001159
0.001526
0.001704
0.002301
0.001734
0.001624
0.001428
0.001633
0.001663
0.001883
0.001388
0.001513
0.001285
0.001345
0.001738
0.002
0.002014
0.001478
0.000885
0.00164
0.001494
0.001408
0.001336
0.000947
0.001295
0.001797
0.001291
0.001069
0.001022
0.0012
0.001253
0.000898
0.001002
0.000853
0.001554
0.00208
0.001683
0.001592
0.001207
0.001782
0.001738
0.001735
0.000814
0.001674
0.001331
0.001968
0.001685
0.001428
0.001756
0.001623
0.001547
0.001856
0.000812
0.00097
0.001331
0.001708
0.001677
0.002659
0.00419
0.002176
0.003553
0.001883
0.00206
0.002181
0.002496
0.002111
0.000789
0.001603
0.000863
0.00228
0.00239
0.001765
0.001906
0.001512
0.001039
0.000922
0.001036
0.001418
0.002784
0.002437
0.002306
0.001142
0.002366
0.000948
0.001532
0.001922
0.001766
0.001202
0.002674
0.001432
0.002153
0.001741
0.001997
0.001125
0.001942
0.002463
0.002347
0.00199
0.002041
0.001129
0.002099
0.001967
0.001248
0.00182
0.002084
0.001811
0.002154
0.001378
0.001646
0.001743
0.001214
0.000962
0.001534
0.002234
0.002133
0.001454
0.001924
0.001964
0.002249
0.001819
0.000705
0.001233
0.002451
0.001235
0.001935
0.00149
0.001691
0.001571
0.001685
0.001562
0.001612
0.000997
0.001707
0.001666
0.000954
0.001477
0.002485
0.001966
0.001805
0.001435
0.001366
0.0017
0.001788
0.001884
0.002025
0.002968
0.002228
0.001851
0.000905
0.001251
0.002368
0.002156
0.001782
0.001671
0.001593
0.002684
0.001081
0.000893
0.000846
0.00123
0.002108
0.002027
0.001731
0.000888
0.001368
0.000929
0.002037
0.001803
0.001867
0.001887
0.002509
0.001795
0.001177
0.002255
0.002241
0.003054
0.002004
0.002077
0.002097
0.002157
0.002054
0.001943
0.001686
0.001071
0.00103
0.001171
0.001908
0.001515
0.001732
0.001655
0.001506
0.001358
0.001412
0.001657
0.001627
0.001358
0.001023
0.001296
0.001162
0.00153
0.001585
0.001533
0.001713
0.00206
0.001437
0.001754
0.000847
0.001161
0.001418
0.002719
0.001559
0.00139
0.001079
0.00112
0.001949
0.001318
0.001581
0.000879
0.002964
0.001598
0.001452
0.002096
0.001092
0.001538
0.001701
0.001755
0.00205
0.002902
0.000979
0.000898
0.001329
0.001844
0.001697
0.001209
0.001116
0.001556
0.001402
0.001395
0.001723
0.001668
0.000937
0.001881
0.001218
0.001759
0.002576
0.001203
0.000977
0.001804
0.002375
0.001545
0.001518
0.001015
0.001189
0.001068
0.001165
0.001775
0.001876
0.001628
0.0013
0.001362
0.00224
0.001191
0.001995
0.001764
0.002232
0.002204
0.000882
0.001664
0.000884
0.002017
0.002224
0.002009
0.000922
0.001714
0.001818
0.001502
0.001602
0.001494
0.001178
0.000731
0.001602
0.001455
0.001803
0.000976
0.000836
0.001
0.001869
0.001955
0.00155
0.000948
0.001941
0.000949
0.001903
0.00177
0.002276
0.001079
0.002122
0.002616
0.000921
0.001489
0.001168
0.001907
0.001275
0.001352
0.002017
0.001458
0.001647
0.001021
0.002078
0.001653
0.001955
0.002052
0.001658
0.001424
0.001858
0.001662
0.002052
0.001693
0.001381
0.001832
0.000863
0.002188
0.001074
0.001825
0.001708
0.0012
0.001701
0.001268
0.001378
0.00079
0.001549
0.001619
0.001852
0.000872
0.000927
0.00138
0.00189
0.001105
0.001924
0.001326
