0.003044
0.001916
0.001501
0.001317
0.001819
0.001485
0.001666
0.001344
0.00102
0.002081
0.001513
0.001606
0.001405
0.001028
0.001603
0.001671
0.003173
0.001455
0.002084
0.002007
0.002525
0.002636
0.002702
0.001204
0.002108
0.001541
0.00234
0.002192
0.001816
0.001638
0.001388
0.001749
0.001834
0.000902
0.001159
0.00153
0.000863
0.001505
0.000817
0.001887
0.001185
0.000872
0.002074
0.000933
0.001236
0.001283
0.001481
0.001652
0.001369
0.001685
0.001649
0.001674
0.000858
0.001751
0.001878
0.001473
0.001197
0.001485
0.001473
0.001247
0.001782
0.001656
0.001357
0.001714
0.000963
0.000787
0.000753
0.001466
0.000818
0.002184
0.00252
0.003077
0.003009
0.001805
0.001328
0.001757
0.001295
0.001539
0.001287
0.000838
0.001671
0.001269
0.00167
0.001438
0.001738
0.001465
0.000864
0.001331
0.001269
0.000879
0.000931
0.001722
0.001552
0.000878
0.001499
0.001627
0.000931
0.00133
0.001492
0.001909
0.001186
0.000935
0.001675
0.00194
0.001608
0.001681
0.001812
0.001608
0.001472
0.001611
0.001788
0.000965
0.001679
0.001605
0.001809
0.001955
0.001124
0.001372
0.001109
0.002062
0.001788
0.001887
0.001549
0.001787
0.001402
0.000791
0.002169
0.001346
0.002041
0.001557
0.002021
0.002111
0.001388
0.001397
0.001291
0.001283
0.00083
0.001376
0.001378
0.001872
0.001799
0.0011
0.001902
0.002145
0.000846
0.0014
0.000758
0.001223
0.001859
0.00133
0.001417
0.001701
0.001691
0.001372
0.001464
0.000852
0.000914
0.001411
0.00095
0.001464
0.001389
0.001793
0.001221
0.001816
0.001517
0.00172
0.001247
0.001673
0.001313
0.001467
0.001013
0.001594
0.001572
0.001201
0.002531
0.001786
0.001381
0.001724
0.002831
0.002427
0.001857
0.001872
0.001837
0.001383
0.001381
0.001727
0.001556
0.001005
0.001599
0.001595
0.001601
0.001898
0.001296
0.001695
0.000894
0.002179
0.001636
0.001524
0.001658
0.000947
0.001599
0.001845
0.000853
0.001716
0.001311
0.000789
0.001888
0.001353
0.001556
0.001369
0.001424
0.001327
0.00163
0.001383
0.001474
0.001202
0.001539
0.001607
0.00169
0.001571
0.001302
0.003476
0.001403
0.000852
0.002163
0.002137
0.001838
0.0017
0.000997
0.000909
0.001621
0.001284
0.001395
0.001681
0.00177
0.001054
0.001292
0.001296
0.001346
0.001237
0.001618
0.001893
0.001306
0.00121
0.001365
0.001597
0.00159
0.001843
0.000785
0.002018
0.001505
0.001204
0.00171
0.00178
0.001943
0.001612
0.001321
0.001406
0.000977
0.001853
0.001789
0.000853
0.000899
0.001602
0.001083
0.002189
0.001789
0.001845
0.0016
0.001702
0.000909
0.000784
0.00141
0.0016
0.001457
0.001749
0.001436
0.001673
0.001693
0.000793
0.000844
0.001438
0.002033
0.001498
0.001112
0.00123
0.001393
0.001973
0.001268
0.001148
0.000839
0.001159
0.001701
0.00168
0.001501
0.00115
0.001583
0.002056
0.001324
0.000913
0.001265
0.001415
0.001032
0.00145
0.00125
0.002023
0.001609
0.001263
0.002209
0.001981
0.001586
0.000773
0.001847
0.001271
0.001292
0.002027
0.000998
0.001378
0.000926
0.00143
0.001431
0.001511
0.000843
0.001264
0.001707
0.001523
0.001323
0.000867
0.001402
0.001595
0.001588
0.001514
0.001399
0.001844
0.001524
0.001436
0.001563
0.00087
0.001346
0.000859
0.001499
0.001682
0.001839
0.001603
0.000989
0.002165
0.001007
0.001427
0.000909
0.001079
0.001863
0.00163
0.000763
0.001345
0.001385
0.001319
0.000991
0.001809
0.001531
0.001966
0.001981
0.001019
0.001249
0.002143
0.000805
0.000813
0.001104
0.001614
0.0012
0.001755
0.001579
0.001782
0.001324
0.001318
0.001392
0.000774
0.001385
0.001638
0.001539
0.001254
0.001603
0.00088
0.001536
0.001348
0.001217
0.001786
0.000964
0.001296
0.000957
0.001068
0.001014
0.002059
0.001658
0.001701
0.001134
0.000861
0.001443
0.001654
0.001661
0.001589
0.001377
0.001563
0.001744
0.001843
0.001301
0.001293
0.001034
0.001708
0.000883
0.001468
0.001821
0.001443
0.001393
0.00166
0.000968
0.001349
0.00166
0.001476
0.001472
0.001991
0.001408
0.001724
0.001297
0.000889
0.001819
0.001454
0.00143
0.003138
0.001251
0.001385
0.001294
0.00103
0.002054
0.001478
0.001615
0.0018
0.000888
0.001057
0.001262
0.001191
0.001641
0.001195
0.001044
0.001533
0.001435
0.001771
0.000842
0.000826
0.001616
0.001464
0.0015
0.000907
0.002126
0.000834
0.00182
0.001885
0.001784
0.001146
0.000973
0.001168
0.00107
0.001559
0.000848
0.001266
0.001739
0.001055
0.00149
0.000844
0.001874
0.001352
0.000866
0.000783
0.000927
0.00164
0.001512
0.001298
0.001373
0.001293
0.001684
0.001413
0.001426
0.001456
0.000958
0.001443
0.001261
0.000808
0.001921
0.001767
0.001944
0.001672
0.001268
0.001713
0.001803
0.001308
0.001459
0.001684
0.001216
0.001413
0.001395
0.001302
0.001182
0.001664
0.00098
0.00107
0.001612
0.001618
0.001407
0.001447
0.000883
0.001214
0.00149
0.001444
0.001563
0.001656
0.001681
0.000804
0.001349
0.001351
0.001702
0.001357
0.001306
0.001165
0.001463
0.001786
0.001903
0.001262
0.00129
0.001933
0.001661
0.001915
0.001777
0.001595
0.000781
0.001489
0.001109
0.001165
0.000898
0.001698
0.001491
0.001304
0.00077
0.001839
0.001312
0.001695
0.001597
0.001247
0.001472
0.001455
0.001334
0.001502
0.001787
0.001976
0.001764
0.001359
0.001797
0.001428
0.001393
0.001208
0.002263
0.001597
0.001655
0.001729
0.001167
0.001032
0.001381
0.001217
0.001708
0.001798
0.001026
0.002007
0.001572
0.001644
0.001475
0.001006
0.001277
0.000849
0.001112
0.001458
0.001731
0.001851
0.001935
0.001517
0.001679
0.001509
0.001179
0.001443
0.001339
0.001792
0.00134
0.001469
0.001459
0.001459
0.000887
0.001129
0.000956
0.001713
0.001455
0.001607
0.000808
0.001762
0.000789
0.000784
0.001746
0.001911
0.002053
0.000945
0.002153
0.001304
0.001779
0.000843
0.001455
0.002024
0.001188
0.001715
0.001705
0.001824
0.001175
0.001825
0.001742
0.001906
0.001911
0.00102
0.000872
0.001662
0.001417
0.000795
0.000849
0.00129
0.002257
0.00233
0.00098
0.00104
0.00177
0.001515
0.001725
0.001849
0.001431
0.001384
0.001118
0.000655
0.001539
0.001777
0.001281
0.00242
0.001582
0.001182
0.002036
0.001066
0.001978
0.001314
0.000972
0.001268
0.001021
0.001893
0.001216
0.0021
0.001458
0.002005
0.001764
0.001508
0.001585
0.001031
0.002169
0.00267
0.002007
0.001705
0.000846
0.001429
0.001429
0.001123
0.000865
0.001266
0.001929
0.001727
0.001522
0.000786
0.001095
0.001897
0.002229
0.00174
0.001121
0.00082
0.001959
0.001715
0.001414
0.001852
0.002103
0.00197
0.001227
0.001305
0.001456
0.001803
0.000951
0.001704
0.001281
0.001499
0.001546
0.002038
0.001471
0.00095
0.001647
0.000852
0.001751
0.001588
0.001646
0.000708
0.001831
0.001681
0.001801
0.001443
0.001264
0.00235
0.00169
0.001366
0.001328
0.001055
0.000951
0.00165
0.001241
0.001786
0.001462
0.002065
0.001839
0.0017
0.001351
0.001626
0.000986
0.001374
0.000842
0.001539
0.001912
0.000787
0.000829
0.00083
0.001803
0.001741
0.001828
0.00101
0.001396
0.001487
0.001919
0.001465
0.001086
0.001171
0.000777
0.001932
0.006343
0.001427
0.001447
0.001227
0.001418
0.001851
0.001426
0.000782
0.001737
0.001394
0.001369
0.001483
0.00165
0.001012
0.001781
0.001244
0.00266
0.00141
0.001269
0.002338
0.001285
0.001649
0.00144
0.001756
0.002348
0.000818
0.001315
0.001606
0.001653
0.001687
0.001153
0.001025
0.000898
0.001576
0.00137
0.000807
0.001432
0.001643
0.001497
0.001034
0.001616
0.00268
0.002253
0.00203
0.002591
0.001188
0.00103
0.001418
0.00093
0.00137
0.001546
0.00157
0.001882
0.001801
0.001713
0.002428
0.001493
0.002406
0.00188
0.001735
0.001454
0.001342
0.001309
0.001408
0.001651
0.001031
0.001808
0.00188
0.001225
0.001314
0.001087
0.001562
0.002156
0.001447
0.002728
0.00127
0.001683
0.002267
0.001329
0.002136
0.001155
0.001188
0.001437
0.002033
0.001464
0.001628
0.001128
0.001909
0.001859
0.00179
0.00097
0.001614
0.001057
0.001571
0.001908
0.002291
0.001567
0.001825
0.001358
0.001406
0.000925
0.001884
0.001769
0.001587
0.001945
0.00169
0.001236
0.001428
0.000916
0.001495
0.001471
0.000872
0.00203
0.002009
0.001823
0.001461
0.001863
0.002335
0.001396
0.001967
0.002257
0.001368
0.001397
0.001698
0.001837
0.000921
0.001682
0.001381
0.002493
0.001536
0.001415
0.001434
0.002072
0.001594
0.001999
0.000894
0.001722
0.001943
0.00171
0.001152
0.001718
0.001617
0.001182
0.001354
0.001724
0.001861
0.001042
0.001697
0.000778
0.001132
0.000925
0.001284
0.00114
0.00109
0.000938
0.000689
0.001896
0.001684
0.001157
0.000801
0.0015
0.001374
0.001272
0.000882
0.001545
0.002315
0.000855
0.001791
0.00137
0.001657
0.000925
0.00146
0.001761
0.001239
0.001053
0.001693
0.001551
0.001672
0.001303
0.001464
0.001495
0.001464
0.002014
0.001432
0.00201
0.001666
0.001555
0.001979
0.001021
0.00145
0.001471
0.000784
0.00151
0.001182
0.001793
0.001091
0.001791
0.000907
0.000822
0.000862
0.001805
0.001393
0.001638
0.001143
0.00153
0.001156
0.001335
0.000816
0.001523
0.001417
0.001484
0.001436
0.00146
0.002002
0.002302
0.001667
0.001174
0.001354
0.002099
0.001803
0.001212
0.00173
0.00173
0.001787
0.001331
0.001125
0.001354
0.00189
0.002134
0.002123
0.001484
0.001569
0.001864
0.001481
0.001731
0.001655
0.001561
0.001936
0.001444
0.00148
0.001267
0.001612
0.001633
0.00185
0.000882
0.001694
0.001853
0.001874
0.001591
0.002391
0.001499
0.001169
0.001454
0.00149
