0.001665
0.000959
0.001126
0.00261
0.001963
0.001491
0.002107
0.001417
0.001653
0.001345
0.001014
0.001129
0.001635
0.001829
0.000981
0.001657
0.001298
0.00163
0.001243
0.001762
0.001237
0.001301
0.001564
0.001649
0.0012
0.001561
0.000958
0.000851
0.001238
0.001136
0.001077
0.001296
0.001278
0.001702
0.001807
0.001495
0.001371
0.00207
0.001125
0.001275
0.001306
0.00161
0.001802
0.001205
0.001215
0.001519
0.001453
0.00126
0.002159
0.00153
0.001592
0.001044
0.001752
0.001593
0.00133
0.001518
0.001533
0.001667
0.001455
0.001564
0.0013
0.001009
0.002107
0.00168
0.000842
0.00171
0.000789
0.00112
0.001662
0.001516
0.001451
0.001517
0.002115
0.002193
0.001183
0.000969
0.001344
0.000876
0.000763
0.001729
0.000848
0.00144
0.001336
0.00133
0.001842
0.002064
0.001223
0.000928
0.00106
0.001807
0.00177
0.001085
0.00167
0.001745
0.001563
0.002086
0.002012
0.000952
0.001854
0.001551
0.000862
0.001287
0.001532
0.001992
0.000891
0.000898
0.001727
0.0018
0.000822
0.001523
0.000974
0.001551
0.001812
0.001389
0.000896
0.001561
0.000756
0.00116
0.001235
0.001039
0.001606
0.001319
0.001642
0.001456
0.001133
0.00133
0.001265
0.001733
0.001376
0.001547
0.001184
0.001623
0.001414
0.001302
0.001284
0.000786
0.0011
0.000991
0.001124
0.000809
0.0008
0.001526
0.001046
0.001227
0.001104
0.001742
0.001746
0.000966
0.00113
0.001619
0.001543
0.001717
0.001131
0.001719
0.001034
0.001315
0.001812
0.001237
0.001378
0.001161
0.001594
0.001484
0.000778
0.001373
0.001664
0.001044
0.00105
0.001148
0.001383
0.001393
0.001607
0.002043
0.001023
0.001655
0.001456
0.001563
0.001313
0.002016
0.001676
0.000813
0.00124
0.001503
0.001469
0.001082
0.001588
0.00175
0.001348
0.001083
0.00109
0.001436
0.001588
0.001856
0.001349
0.000848
0.001402
0.000827
0.00119
0.001405
0.001713
0.001883
0.00132
0.00121
0.001545
0.001428
0.001581
0.002202
0.001918
0.001378
0.001272
0.00143
0.000885
0.001129
0.001484
0.001192
0.001533
0.001395
0.001601
0.000934
0.001111
0.002017
0.000919
0.001628
0.001583
0.001092
0.001655
0.001452
0.001972
0.001806
0.001715
0.00143
0.000778
0.001444
0.001647
0.001041
0.001784
0.002024
0.001985
0.002105
0.000835
0.001243
0.001401
0.001302
0.000747
0.001335
0.001515
0.001535
0.001008
0.00084
0.001827
0.001251
0.000841
0.000844
0.001093
0.001699
0.000878
0.001574
0.001596
0.00093
0.000766
0.000905
0.001374
0.001788
0.001739
0.001118
0.001899
0.001631
0.001872
0.001641
0.00181
0.00168
0.001378
0.001622
0.00142
0.000787
0.001969
0.00143
0.001891
0.001158
0.001344
0.001968
0.001971
0.001761
0.000777
0.001389
0.001073
0.000842
0.001105
0.001479
0.001511
0.000894
0.001454
0.001567
0.001138
0.00115
0.002143
0.000961
0.001564
0.001309
0.001053
0.001478
0.001226
0.002069
0.00118
0.001104
0.000789
0.00126
0.001569
0.00071
0.001532
0.001479
0.001377
0.000825
0.001939
0.001791
0.001419
0.000996
0.001516
0.001397
0.001266
0.001936
0.000827
0.002176
0.002077
0.000811
0.002001
0.001494
0.001512
0.001188
0.001638
0.001625
0.001499
0.001849
0.001558
0.001822
0.000844
0.001621
0.001129
0.000814
0.002436
0.000913
0.001341
0.001745
0.001751
0.001882
0.001597
0.001428
0.001287
0.001303
0.001407
0.001455
0.001868
0.001966
0.001494
0.001556
0.001019
0.000932
0.001498
0.001406
0.001647
0.001597
0.001447
0.001337
0.002138
0.00166
0.001187
0.001623
0.000824
0.001641
0.000933
0.000785
0.001364
0.000812
0.001437
0.000831
0.002243
0.001607
0.001985
0.001924
0.001487
0.001701
0.001657
0.000969
0.001297
0.000841
0.001111
0.001192
0.001076
0.001298
0.001938
0.001117
0.001788
0.001601
0.001905
0.002014
0.001628
0.000796
0.001297
0.000854
0.001908
0.001579
0.000879
0.001072
0.000977
0.001731
0.000768
0.001684
0.001552
0.000912
0.001632
0.001382
0.001541
0.00091
0.001597
0.000847
0.002084
0.000838
0.001826
0.001493
0.00077
0.00135
0.00108
0.001657
0.001985
0.001386
0.000925
0.001613
0.001856
0.001663
0.000935
0.001789
0.00162
0.000873
0.001683
0.001508
0.001948
0.001933
0.001403
0.001936
0.001822
0.001656
0.001319
0.00183
0.00083
0.001447
0.001481
0.001361
0.002016
0.001396
0.001531
0.001424
0.001632
0.001554
0.002055
0.000781
0.000969
0.001114
0.001569
0.002049
0.002159
0.001914
0.001235
0.001208
0.000773
0.001248
0.001562
0.000838
0.001608
0.0011
0.00131
0.001659
0.00123
0.001371
0.001379
0.001944
0.000967
0.001801
0.001875
0.001141
0.001499
0.001531
0.001703
0.001232
0.001726
0.001651
0.000881
0.001427
0.000931
0.001614
0.001462
0.001259
0.001296
0.002111
0.001261
0.001872
0.000875
0.001325
0.001163
0.001257
0.001381
0.001066
0.001174
0.000979
0.001032
0.001958
0.001406
0.001882
0.001592
0.000781
0.000983
0.001926
0.001113
0.000809
0.00133
0.00186
0.001356
0.002137
0.001631
0.001269
0.001349
0.002027
0.001617
0.001772
0.002549
0.001613
0.001403
0.001502
0.001477
0.001716
0.001734
0.000824
0.002351
0.004466
0.001449
0.000814
0.001073
0.00136
0.001776
0.00134
0.001279
0.001484
0.001397
0.00144
0.001849
0.000798
0.000931
0.000839
0.001342
0.00141
0.001698
0.001752
0.001443
0.001605
0.001162
0.001419
0.001137
0.001288
0.00181
0.001807
0.001882
0.001869
0.00125
0.001858
0.001151
0.001652
0.002087
0.000891
0.001214
0.001484
0.001949
0.001302
0.000857
0.002189
0.001119
0.000759
0.00187
0.001576
0.002035
0.001189
0.002754
0.002041
0.001441
0.002152
0.001371
0.00162
0.00202
0.001338
0.001325
0.00078
0.000769
0.000774
0.001753
0.001386
0.001653
0.000919
0.00159
0.001842
0.00162
0.001974
0.001492
0.001937
0.000806
0.001801
0.001216
0.003043
0.001568
0.001214
0.002019
0.000821
0.001632
0.000867
0.001485
0.001263
0.000842
0.001203
0.000788
0.001549
0.001176
0.001508
0.000955
0.001275
0.001132
0.000742
0.000742
0.000927
0.001576
0.00148
0.00171
0.001911
0.002032
0.001515
0.000992
0.001702
0.001592
0.001246
0.001878
0.001108
0.001823
0.00142
0.001694
0.001331
0.00186
0.002373
0.00146
0.000866
0.001438
0.001275
0.001116
0.000835
0.001518
0.001793
0.001588
0.001611
0.001485
0.001422
0.000778
0.000944
0.001302
0.001857
0.001309
0.001388
0.000798
0.000863
0.001783
0.000996
0.001526
0.00169
0.001841
0.00084
0.001655
0.001365
0.001436
0.001519
0.001095
0.001238
0.001224
0.001721
0.000837
0.001888
0.001674
0.001573
0.002182
0.001642
0.001591
0.001244
0.000755
0.001584
0.000828
0.001494
0.001737
0.000943
0.000754
0.001344
0.001612
0.001414
0.00089
0.001279
0.001986
0.001597
0.001539
0.001243
0.002235
0.001685
0.001301
0.001183
0.001334
0.00199
0.001376
0.002139
0.001097
0.001952
0.001186
0.001834
0.001123
0.000794
0.001236
0.000955
0.001792
0.001632
0.001419
0.000745
0.001326
0.001294
0.00139
0.000901
0.001662
0.001396
0.000928
0.001452
0.00209
0.001119
0.001565
0.001615
0.001373
0.001012
0.00122
0.00082
0.002056
0.00178
0.00212
0.001656
0.00149
0.001748
0.00185
0.001514
0.001292
0.001563
0.001349
0.002017
0.001578
0.001678
0.001983
0.001012
0.001339
0.000801
0.001407
0.001589
0.001679
0.001326
0.001886
0.001615
0.001764
0.000782
0.00127
0.001813
0.001157
0.001741
0.001494
0.001776
0.001601
0.001623
0.00099
0.000817
0.000964
0.001821
0.000947
0.001379
0.001825
0.001372
0.001831
0.001256
0.00148
0.00182
0.002302
0.000938
0.00121
0.001147
0.001403
0.001418
0.001602
0.001357
0.001045
0.001056
0.000858
0.001252
0.001183
0.000935
0.001669
0.00217
0.001397
0.001623
0.00185
0.001613
0.001832
0.001565
0.000933
0.001655
0.002228
0.0016
0.001783
0.001341
0.001619
0.001124
0.000871
0.001137
0.000784
0.000865
0.000857
0.001315
0.001668
0.00126
0.00083
0.001475
0.002049
0.001232
0.001489
0.00109
0.001499
0.001565
0.000974
0.001307
0.001472
0.001483
0.001931
0.001628
0.00141
0.001636
0.001668
0.001033
0.001638
0.00083
0.001863
0.001723
0.00285
0.000865
0.001183
0.001295
0.002042
0.001597
0.001272
0.001661
0.001134
0.001335
0.001653
0.001972
0.0017
0.001384
0.002026
0.00136
0.001922
0.00196
0.001609
0.001934
0.001224
0.00086
0.001589
0.002075
0.001805
0.001319
0.001782
0.001651
0.000807
0.001506
0.001879
0.00123
0.001712
0.001393
0.000687
0.001636
0.000756
0.001604
0.001114
0.002227
0.001454
0.001313
0.001276
0.001757
0.002119
0.001226
0.001272
0.00146
0.00157
0.001097
0.001356
0.00167
0.001232
0.001022
0.001481
0.001398
0.001444
0.001867
0.001754
0.001145
0.001503
0.001494
0.001017
0.000974
0.001654
0.001341
0.001502
0.001547
0.001995
0.001441
0.002212
0.001292
0.001264
0.00197
0.00103
0.001393
0.001084
0.001793
0.000876
0.000935
0.001494
0.001763
0.001903
0.001914
0.001803
0.000872
0.001195
0.002041
0.001659
0.000777
0.001243
0.000866
0.001459
0.001175
0.000793
0.00135
0.001968
0.001161
0.001636
0.000829
0.001415
0.001792
0.001895
0.001765
0.000897
0.001419
0.001516
0.00126
0.001152
0.001278
0.001576
0.00164
0.001227
0.001272
0.001265
0.001504
0.001784
0.001761
0.001309
0.001549
0.001617
0.001269
0.001786
0.001381
0.001888
0.001612
0.001278
0.001541
0.001491
0.001679
0.000809
0.001749
0.001171
0.001961
0.000862
0.001697
0.00184
0.001398
0.001195
0.001302
0.001495
0.001377
0.001141
0.000915
0.00142
0.001478
0.001582
0.000882
0.000874
0.002
0.001314
0.001757
0.001479
0.001493
0.0017
0.001071
0.001474
0.00162
