0.002069
0.001765
0.001454
0.001597
0.001095
0.001698
0.000993
0.0009
0.000775
0.001144
0.001243
0.001214
0.001415
0.000616
0.00094
0.001406
0.001726
0.001329
0.001399
0.000931
0.000822
0.001564
0.001362
0.001853
0.001479
0.001703
0.000785
0.001005
0.001268
0.001265
0.00165
0.001381
0.000919
0.001588
0.00078
0.000779
0.001454
0.001566
0.001637
0.00171
0.001959
0.001289
0.001043
0.000758
0.001249
0.001383
0.001073
0.00207
0.002294
0.001261
0.000887
0.001515
0.001387
0.001227
0.001224
0.00152
0.001503
0.001406
0.001506
0.00208
0.001638
0.00118
0.000927
0.001123
0.00124
0.002065
0.001341
0.00124
0.001528
0.000826
0.001197
0.001121
0.000814
0.001048
0.001969
0.001836
0.001923
0.001711
0.000745
0.001309
0.001369
0.001174
0.001954
0.001606
0.000868
0.001734
0.001498
0.002463
0.002375
0.000893
0.00095
0.001058
0.001357
0.001819
0.001314
0.001488
0.001827
0.001212
0.001265
0.001926
0.00141
0.001752
0.001559
0.001466
0.001694
0.001529
0.001095
0.001937
0.002071
0.001133
0.001406
0.001102
0.001151
0.001605
0.001688
0.000795
0.001174
0.001617
0.001284
0.001607
0.001217
0.000843
0.001414
0.001929
0.000745
0.001491
0.001501
0.001406
0.001275
0.001169
0.000678
0.001519
0.000782
0.001606
0.0013
0.001559
0.000927
0.001228
0.001771
0.001553
0.001716
0.000793
0.00135
0.001845
0.001113
0.001991
0.001355
0.001445
0.00185
0.001325
0.000874
0.000853
0.001505
0.002035
0.00126
0.001081
0.001539
0.001645
0.001451
0.001614
0.001505
0.001129
0.001483
0.001844
0.000981
0.001517
0.001807
0.000804
0.001274
0.000795
0.001415
0.001408
0.001792
0.000749
0.001412
0.002198
0.00088
0.001302
0.001144
0.001123
0.000913
0.001173
0.001353
0.000775
0.0015
0.002034
0.000955
0.001862
0.000802
0.001355
0.001272
0.000799
0.001396
0.001922
0.0012
0.000884
0.001089
0.00165
0.001275
0.001294
0.001421
0.001413
0.001843
0.001182
0.001449
0.001238
0.001189
0.001283
0.001317
0.000837
0.001832
0.001138
0.001714
0.000909
0.001667
0.001108
0.001115
0.001892
0.001307
0.001762
0.001445
0.001299
0.000838
0.002006
0.001928
0.001889
0.001511
0.000806
0.00125
0.001101
0.001679
0.001432
0.00125
0.001856
0.001595
0.00148
0.001969
0.001995
0.001605
0.000845
0.000591
0.000951
0.001572
0.001497
0.001041
0.00133
0.000973
0.001276
0.001979
0.001583
0.001803
0.001008
0.001082
0.00178
0.001442
0.000849
0.001106
0.001409
0.00182
0.001507
0.001906
0.001272
0.001443
0.000936
0.000942
0.001607
0.001598
0.00144
0.001146
0.001068
0.001639
0.000859
0.001632
0.000947
0.001742
0.000892
0.001146
0.001528
0.001038
0.001551
0.001654
0.001432
0.00104
0.002516
0.000963
0.001284
0.001099
0.001971
0.000782
0.002313
0.001771
0.002021
0.001156
0.001576
0.002045
0.000856
0.000743
0.001437
0.001292
0.00129
0.001558
0.00087
0.001828
0.001729
0.0012
0.00116
0.001618
0.001697
0.000793
0.001683
0.001259
0.001633
0.001244
0.001672
0.00294
0.001619
0.00203
0.001473
0.001689
0.001155
0.001226
0.001816
0.001197
0.000847
0.000837
0.002097
0.001737
0.001102
0.001503
0.001896
0.000645
0.001491
0.001621
0.000887
0.001774
0.001633
0.00142
0.001191
0.001368
0.002244
0.001402
0.001856
0.001467
0.001126
0.001792
0.001371
0.00165
0.001044
0.001402
0.000999
0.00177
0.001088
0.000841
0.001145
0.002082
0.002094
0.001177
0.001313
0.001638
0.001598
0.001472
0.001653
0.000873
0.000903
0.001783
0.001968
0.001248
0.000832
0.001164
0.00075
0.002076
0.001729
0.001961
0.002151
0.001382
0.000871
0.000778
0.001941
0.001673
0.001687
0.000958
0.001211
0.001426
0.000843
0.001398
0.001659
0.001481
0.001542
0.001342
0.001641
0.001471
0.001607
0.000915
0.001594
0.000939
0.002061
0.001536
0.001121
0.000818
0.000868
0.001299
0.001604
0.001556
0.001336
0.000795
0.001403
0.001089
0.001427
0.001691
0.00133
0.001947
0.00158
0.001927
0.001784
0.001416
0.000811
0.00164
0.000995
0.001196
0.000911
0.001654
0.001133
0.001286
0.000899
0.00145
0.001285
0.002078
0.00165
0.001348
0.001957
0.001381
0.000888
0.001254
0.001709
0.001822
0.001203
0.000869
0.000911
0.001298
0.001552
0.00154
0.001429
0.00149
0.001397
0.001483
0.001491
0.001813
0.001207
0.001182
0.001629
0.001143
0.002119
0.001414
0.001595
0.00198
0.001349
0.001564
0.001397
0.001537
0.00133
0.000957
0.00203
0.001509
0.001281
0.001729
0.001248
0.001825
0.001405
0.000856
0.001464
0.001616
0.001269
0.001074
0.001166
0.001637
0.00153
0.001408
0.001617
0.0016
0.00146
0.001074
0.00085
0.001699
0.001574
0.001548
0.001691
0.001603
0.001645
0.001816
0.001408
0.001457
0.001549
0.001168
0.000869
0.001258
0.000815
0.001892
0.0016
0.001646
0.000995
0.001627
0.001339
0.001867
0.00138
0.001604
0.001145
0.001245
0.001241
0.001061
0.00135
0.001833
0.001392
0.000991
0.001096
0.001395
0.00132
0.000938
0.001264
0.001173
0.001603
0.001257
0.0018
0.000949
0.001709
0.001254
0.00155
0.000716
0.00125
0.001408
0.001281
0.001264
0.001409
0.001412
0.001741
0.001906
0.001664
0.001582
0.001254
0.001073
0.00205
0.001938
0.001874
0.001332
0.001635
0.001849
0.00167
0.001167
0.000794
0.00144
0.00091
0.00205
0.000812
0.000633
0.001132
0.001771
0.00083
0.001293
0.001155
0.00164
0.001318
0.000777
0.000819
0.000857
0.00188
0.002067
0.001515
0.00179
0.000837
0.001608
0.000852
0.001751
0.001417
0.0008
0.001583
0.001698
0.000795
0.00126
0.001497
0.001869
0.001834
0.00087
0.001683
0.001767
0.001495
0.00076
0.001484
0.000878
0.001772
0.000771
0.002041
0.000781
0.00207
0.001553
0.000785
0.001751
0.001614
0.000892
0.000979
0.001692
0.001324
0.001497
0.000847
0.001544
0.001549
0.001864
0.001534
0.001647
0.001557
0.000882
0.001176
0.00109
0.00199
0.001419
0.002369
0.000928
0.001641
0.000901
0.001556
0.000789
0.000902
0.000631
0.001643
0.002227
0.001041
0.001208
0.001097
0.001585
0.001267
0.001617
0.001391
0.001382
0.001351
0.001043
0.001532
0.001573
0.001914
0.001888
0.002442
0.001726
0.00148
0.000934
0.001429
0.001039
0.001004
0.001356
0.001487
0.00118
0.001032
0.001819
0.001435
0.000954
0.002105
0.000935
0.001606
0.00113
0.001617
0.001823
0.000918
0.001471
0.00171
0.001996
0.000784
0.001438
0.000888
0.001528
0.001212
0.0009
0.001627
0.001102
0.001516
0.001621
0.001715
0.001313
0.000899
0.001459
0.001696
0.001419
0.001778
0.001118
0.000888
0.001932
0.001225
0.002381
0.001168
0.001884
0.001526
0.00232
0.001281
0.00161
0.001559
0.001694
0.001783
0.00137
0.00204
0.000764
0.001498
0.000998
0.001454
0.001244
0.00159
0.001749
0.001294
0.000804
0.001354
0.002715
0.001574
0.001273
0.001087
0.001699
0.002553
0.002996
0.0013
0.00087
0.001017
0.001553
0.001101
0.001673
0.001414
0.000798
0.001114
0.001194
0.001758
0.001494
0.001634
0.000938
0.001625
0.001216
0.001449
0.00069
0.001471
0.001096
0.001478
0.000829
0.001778
0.001795
0.001418
0.001416
0.001455
0.001555
0.001553
0.001294
0.001069
0.001006
0.001587
0.001202
0.001166
0.001466
0.000811
0.001464
0.002298
0.001064
0.001567
0.001342
0.001807
0.000832
0.001501
0.001081
0.000952
0.001527
0.001852
0.001631
0.001189
0.001545
0.001296
0.001366
0.000808
0.001277
0.001794
0.000924
0.001473
0.001976
0.001618
0.000932
0.001601
0.001382
0.001464
0.000798
0.00193
0.001399
0.001244
0.001806
0.001461
0.001449
0.000831
0.001067
0.001269
0.001122
0.002239
0.001754
0.001564
0.00201
0.002185
0.001933
0.001944
0.002459
0.002725
0.001377
0.001828
0.001639
0.00092
0.000948
0.002643
0.001531
0.001572
0.001028
0.001246
0.00117
0.002035
0.001524
0.001765
0.001818
0.000989
0.001893
0.001876
0.000866
0.001103
0.001531
0.001764
0.002157
0.001179
0.001322
0.001017
0.001373
0.001438
0.001728
0.001534
0.001619
0.000852
0.001653
0.001605
0.001859
0.00151
0.002427
0.001739
0.000811
0.001756
0.001787
0.000796
0.001447
0.00138
0.001779
0.001643
0.000882
0.001147
0.000782
0.001867
0.001574
0.000874
0.00146
0.001481
0.001733
0.00128
0.001425
0.000984
0.001101
0.00219
0.001501
0.001004
0.000855
0.001629
0.00152
0.001498
0.001368
0.000899
0.001304
0.000964
0.001456
0.000893
0.002057
0.001316
0.001623
0.001966
0.001578
0.001948
0.000986
0.001728
0.001178
0.000859
0.001614
0.001783
0.001303
0.001937
0.00131
0.001455
0.001798
0.000931
0.001058
0.001122
0.000801
0.001503
0.001599
0.001678
0.001322
0.001292
0.001821
0.001478
0.002115
0.000851
0.001517
0.00172
0.001615
0.001987
0.001186
0.001122
0.000826
0.00172
0.001852
0.001675
0.001153
0.001478
0.000837
0.001649
0.000833
0.001076
0.001255
0.001371
0.001289
0.001746
0.001921
0.001197
0.00119
0.000772
0.001808
0.000741
0.001207
0.000752
0.001311
0.001628
0.001098
0.001185
0.001275
0.001415
0.001369
0.001488
0.001895
0.001165
0.001117
0.002209
0.001805
0.001559
0.001425
0.001713
0.001581
0.001672
0.00082
0.001638
0.001744
0.001884
0.001611
0.001456
0.000903
0.000802
0.001593
0.002245
0.000837
0.001246
0.00134
0.000879
0.001819
0.001474
0.001594
0.002005
0.001828
0.000882
0.00243
0.001847
0.001833
0.001263
0.001075
0.000924
0.001285
0.000817
0.000812
0.001627
0.00175
0.001459
0.001612
0.000822
0.001004
0.001864
0.001072
0.000782
0.001345
0.001002
0.000774
0.000937
0.001944
0.000927
0.001763
0.001505
0.001867
0.001296
0.001966
0.001099
0.001559
0.001756
0.00142
0.001439
0.001148
0.001102
