0.002671
0.001052
0.001128
0.002194
0.002038
0.001049
0.001075
0.001033
0.003005
0.002321
0.002167
0.001753
0.001048
0.001017
0.001695
0.001661
0.002049
0.001566
0.001478
0.00114
0.000984
0.001452
0.00097
0.001907
0.001014
0.001994
0.001009
0.002117
0.001002
0.002236
0.001747
0.001062
0.002118
0.001074
0.001043
0.001797
0.000949
0.001055
0.002771
0.001056
0.000971
0.001045
0.001038
0.001436
0.0026
0.002006
0.001736
0.002596
0.001814
0.001151
0.001929
0.001823
0.001726
0.000874
0.000944
0.001231
0.001255
0.00103
0.001042
0.001025
0.00186
0.001188
0.001016
0.002055
0.002466
0.001781
0.000994
0.001043
0.001248
0.000947
0.001753
0.002119
0.002651
0.002939
0.000971
0.001655
0.002287
0.002783
0.001827
0.002443
0.001675
0.001942
0.002365
0.002449
0.000924
0.000899
0.002259
0.000951
0.001448
0.002246
0.00101
0.001306
0.001233
0.001962
0.00098
0.002341
0.001376
0.002218
0.001034
0.00243
0.002245
0.002055
0.001334
0.001328
0.000906
0.001368
0.001007
0.00121
0.001844
0.000964
0.001014
0.002496
0.001649
0.001325
0.00163
0.00159
0.001601
0.001801
0.001828
0.000965
0.001877
0.000989
0.002525
0.001761
0.002028
0.001064
0.001179
0.001481
0.001087
0.001459
0.001053
0.00114
0.000996
0.001577
0.001487
0.001375
0.001237
0.00216
0.001386
0.00195
0.000893
0.002424
0.001174
0.001791
0.00155
0.000935
0.001047
0.001892
0.001602
0.002084
0.003096
0.000987
0.000989
0.00174
0.002402
0.00154
0.001611
0.001101
0.001038
0.002267
0.002207
0.002017
0.001031
0.001805
0.00245
0.000919
0.00141
0.001977
0.002222
0.002122
0.001298
0.002172
0.00103
0.001103
0.001905
0.002059
0.002941
0.001553
0.001624
0.001033
0.001059
0.002819
0.002743
0.002703
0.002013
0.001812
0.002288
0.001076
0.001626
0.002342
0.00194
0.001031
0.001364
0.00102
0.00106
0.001856
0.002022
0.001052
0.002758
0.000959
0.001036
0.001888
0.000988
0.002422
0.001212
0.001087
0.001026
0.00097
0.001627
0.002078
0.002437
0.001051
0.001167
0.001386
0.0021
0.002244
0.000961
0.001135
0.001016
0.00118
0.002108
0.001461
0.001349
0.001625
0.001924
0.000948
0.002622
0.001051
0.001091
0.002163
0.001014
0.002559
0.001011
0.001863
0.001608
0.002101
0.002064
0.002083
0.001768
0.002356
0.001084
0.001673
0.001385
0.002379
0.001982
0.001916
0.001925
0.001939
0.002535
0.001961
0.001309
0.001174
0.00166
0.001964
0.00205
0.002098
0.002145
0.002345
0.002587
0.00154
0.001163
0.000972
0.001651
0.002509
0.002461
0.001199
0.001091
0.002077
0.001061
0.002702
0.002259
0.002049
0.000993
0.001815
0.00191
0.002222
0.001086
0.002536
0.001333
0.001446
0.00212
0.001605
0.001849
0.001294
0.002113
0.00304
0.001076
0.001212
0.001408
0.001584
0.001215
0.002664
0.001058
0.001935
0.002256
0.002014
0.001462
0.001173
0.002199
0.001111
0.00104
0.001699
0.001717
0.000994
0.001278
0.001097
0.00101
0.002608
0.001856
0.001426
0.00197
0.000928
0.001541
0.001093
0.00097
0.002695
0.001834
0.001019
0.001845
0.001719
0.001128
0.001742
0.001337
0.001827
0.002125
0.001053
0.001148
0.002016
0.002164
0.001069
0.001862
0.000995
0.001029
0.000982
0.001129
0.001603
0.001979
0.001838
0.001676
0.001592
0.000942
0.002402
0.001645
0.002139
0.001094
0.00198
0.001168
0.002146
0.001887
0.00162
0.001372
0.001164
0.002107
0.001705
0.000807
0.001335
0.002185
0.002321
0.001133
0.001092
0.00172
0.002798
0.001407
0.001553
0.002662
0.001833
0.001634
0.001182
0.002702
0.001765
0.000965
0.002085
0.001339
0.002436
0.001361
0.002664
0.001085
0.002578
0.00198
0.001615
0.002109
0.001417
0.002121
0.000924
0.001957
0.002279
0.000952
0.002536
0.001014
0.001047
0.001069
0.001162
0.001536
0.001848
0.001481
0.00138
0.002346
0.000952
0.002095
0.001043
0.001704
0.000928
0.002273
0.001437
0.00193
0.001871
0.001105
0.001487
0.001909
0.001974
0.001136
0.002791
0.001844
0.002451
0.003305
0.001801
0.002041
0.00129
0.001907
0.001171
0.001074
0.001168
0.003439
0.000979
0.000911
0.001009
0.001572
0.001752
0.00223
0.001155
0.001566
0.002698
0.00232
0.00101
0.002144
0.000973
0.002557
0.001395
0.001987
0.001611
0.00159
0.001017
0.001013
0.001098
0.002181
0.001014
0.001013
0.002271
0.002199
0.002046
0.001049
0.00108
0.001107
0.002768
0.002424
0.000908
0.001161
0.002146
0.001957
0.001869
0.002367
0.00207
0.001696
0.002001
0.002842
0.000986
0.002341
0.001914
0.001784
0.002797
0.00186
0.001982
0.001018
0.002122
0.001063
0.001185
0.002045
0.001007
0.001916
0.001955
0.000964
0.002172
0.002796
0.001737
0.002091
0.002945
0.001591
0.002013
0.0025
0.001497
0.001021
0.001891
0.001059
0.001383
0.00156
0.002258
0.002249
0.001656
0.001082
0.002012
0.001945
0.001112
0.002211
0.001951
0.001889
0.001674
0.001123
0.001049
0.002232
0.001057
0.002338
0.001013
0.002688
0.00105
0.000847
0.001165
0.002043
0.001797
0.001003
0.001823
0.002482
0.001885
0.000963
0.003086
0.001504
0.002986
0.001145
0.001825
0.002369
0.001973
0.001398
0.00119
0.001736
0.001141
0.001057
0.001902
0.001946
0.001018
0.0031
0.002036
0.001888
0.001026
0.002629
0.001129
0.001869
0.001847
0.001042
0.001531
0.001066
0.002558
0.001979
0.001018
0.001854
0.002233
0.001577
0.00177
0.001027
0.001623
0.002385
0.001008
0.001518
0.001985
0.00179
0.000975
0.001043
0.001591
0.0022
0.001231
0.001995
0.001809
0.002431
0.001699
0.001259
0.001142
0.001923
0.002111
0.001795
0.002062
0.002209
0.001038
0.001783
0.001889
0.000916
0.001864
0.000994
0.001987
0.002224
0.001669
0.002275
0.001596
0.001884
0.002154
0.001952
0.002381
0.002448
0.002479
0.002204
0.001638
0.001882
0.001677
0.001955
0.001369
0.001497
0.002635
0.002208
0.001157
0.001095
0.002319
0.002556
0.001617
0.001701
0.00112
0.001116
0.001697
0.001786
0.00095
0.001485
0.001888
0.001216
0.000944
0.001117
0.000851
0.001843
0.001028
0.001328
0.001996
0.001064
0.002216
0.001863
0.001369
0.002367
0.001033
0.002979
0.001909
0.002196
0.002371
0.00098
0.001089
0.001039
0.002201
0.003
0.002088
0.002431
0.002538
0.001865
0.00201
0.001007
0.001851
0.00154
0.001705
0.002351
0.001252
0.002461
0.002261
0.001089
0.001403
0.001642
0.001593
0.001002
0.001957
0.00149
0.001787
0.001124
0.002586
0.001124
0.002286
0.002623
0.000984
0.001951
0.001291
0.002472
0.001037
0.001
0.001844
0.001054
0.002068
0.001904
0.000977
0.002198
0.001015
0.001646
0.00162
0.001291
0.002112
0.001826
0.002146
0.001811
0.001512
0.002381
0.001862
0.001078
0.001142
0.00113
0.001128
0.002306
0.001163
0.001018
0.001295
0.002515
0.002681
0.001279
0.001239
0.001881
0.001019
0.001008
0.002271
0.002534
0.001923
0.001393
0.002125
0.000924
0.001727
0.001079
0.001033
0.00098
0.001042
0.001126
0.001765
0.00102
0.002547
0.001886
0.001202
0.001066
0.001012
0.001923
0.001047
0.001612
0.001672
0.001626
0.001829
0.001116
0.000868
0.002163
0.0011
0.001076
0.001182
0.002119
0.001092
0.001006
0.001636
0.00109
0.001236
0.000962
0.001808
0.001181
0.001083
0.000971
0.001883
0.00188
0.002745
0.001136
0.001177
0.001259
0.000982
0.002139
0.001737
0.00236
0.001755
0.002753
0.00213
0.003023
0.001431
0.001026
0.001402
0.001041
0.001144
0.001015
0.001252
0.00104
0.001107
0.00249
0.001278
0.003024
0.001692
0.001855
0.000976
0.002311
0.002481
0.001039
0.002004
0.001963
0.002532
0.001584
0.001445
0.001823
0.001229
0.001146
0.001258
0.001655
0.001049
0.001017
0.00237
0.002847
0.001124
0.001038
0.00205
0.001994
0.001915
0.001039
0.00227
0.00119
0.001994
0.002948
0.002193
0.002262
0.002072
0.000933
0.00167
0.001837
0.001004
0.001005
0.001026
0.00251
0.002101
0.000983
0.00194
0.001046
0.003278
0.001656
0.001018
0.001117
0.002181
0.001002
0.001613
0.001075
0.001838
0.002298
0.00191
0.001038
0.001928
0.002399
0.001444
0.001137
0.001023
0.00194
0.000987
0.001661
0.001204
0.002409
0.001068
0.00096
0.002232
0.002088
0.001847
0.002337
0.002203
0.001639
0.001066
0.001164
0.001963
0.002697
0.001252
0.001562
0.002317
0.001783
0.000998
0.001006
0.000953
0.0021
0.002342
0.001052
0.001341
0.001058
0.001114
0.001071
0.001649
0.000999
0.00103
0.002528
0.001069
0.002328
0.000997
0.001366
0.002262
0.00225
0.001608
0.001102
0.001728
0.001055
0.001513
0.000943
0.001489
0.001643
0.001087
0.002586
0.001118
0.001055
0.001777
0.001029
0.002352
0.001999
0.000982
0.001234
0.003292
0.00145
0.001195
0.001811
0.002404
0.00164
0.002015
0.002373
0.001879
0.001972
0.00205
0.00191
0.002885
0.001155
0.001062
0.002232
0.001
0.001105
0.001073
0.001675
0.002567
0.002098
0.001023
0.002187
0.002009
0.000949
0.001827
0.002099
0.000923
0.002816
0.001627
0.001221
0.002051
0.001119
0.000948
0.001673
0.001201
0.002006
0.002015
0.001223
0.000974
0.002484
0.001829
0.00173
0.002029
0.001678
0.001594
0.002014
0.000963
0.001419
0.001827
0.002447
0.001838
0.000989
0.000991
0.002182
0.002226
0.001888
0.002286
0.00263
0.002338
0.001876
0.002472
0.002557
0.001938
0.00199
0.002566
0.001986
0.000957
0.002287
0.001297
0.001542
0.002107
0.001632
0.002141
0.001164
0.003119
0.003107
0.002297
0.001451
0.001059
0.002461
0.00211
0.001661
0.001048
0.001784
0.002356
0.00185
0.001684
0.001233
0.002011
0.001838
0.001958
0.001082
0.001097
0.001407
0.002194
0.001045
0.001106
0.001216
0.001273
0.001768
0.001971
0.001617
0.001132
0.001864
0.00263
