0.001902
0.001005
0.002296
0.00116
0.001276
0.00176
0.001056
0.001036
0.001332
0.002802
0.001911
0.001031
0.00114
0.001701
0.002144
0.002037
0.001897
0.002891
0.002028
0.001725
0.000989
0.001284
0.002536
0.001999
0.0019
0.001212
0.002274
0.002124
0.001397
0.001034
0.001032
0.001992
0.001565
0.001133
0.002021
0.001499
0.000964
0.000957
0.000919
0.002153
0.001853
0.001788
0.00201
0.00155
0.002202
0.003252
0.001296
0.001402
0.002105
0.000951
0.002404
0.001466
0.001708
0.003556
0.002941
0.0021
0.002182
0.001037
0.002384
0.002634
0.001014
0.001085
0.002835
0.002195
0.00106
0.000997
0.001815
0.001029
0.002867
0.002298
0.002014
0.003089
0.001784
0.000992
0.001697
0.00227
0.001995
0.001368
0.002463
0.001819
0.000979
0.001906
0.002417
0.002224
0.001102
0.002975
0.001295
0.001236
0.001574
0.001202
0.001542
0.00159
0.002394
0.001027
0.001121
0.002129
0.002081
0.002429
0.002352
0.002269
0.00121
0.001041
0.002849
0.001094
0.001723
0.001801
0.001115
0.001177
0.001987
0.002522
0.00101
0.001007
0.001983
0.001041
0.001881
0.001118
0.002092
0.001919
0.002725
0.001274
0.001509
0.001974
0.001933
0.001156
0.001191
0.00115
0.00183
0.00167
0.001617
0.002349
0.001425
0.001878
0.001424
0.002241
0.00097
0.001136
0.000974
0.002272
0.000971
0.001106
0.001844
0.002603
0.00105
0.001164
0.002278
0.001141
0.00201
0.002566
0.001774
0.001773
0.000916
0.002503
0.002788
0.001637
0.000983
0.000961
0.001731
0.002276
0.001015
0.002049
0.001458
0.002906
0.000959
0.002429
0.002235
0.001673
0.001678
0.000974
0.001831
0.002486
0.002016
0.00109
0.002363
0.001113
0.000958
0.001645
0.001293
0.002922
0.002467
0.001148
0.001618
0.001892
0.002293
0.001747
0.002224
0.001908
0.00099
0.002017
0.002042
0.001726
0.002499
0.002086
0.000973
0.002378
0.002114
0.001611
0.002816
0.001532
0.000979
0.001089
0.00099
0.00139
0.000964
0.001007
0.002091
0.001813
0.002012
0.002296
0.001583
0.002095
0.001355
0.000963
0.002718
0.002657
0.00097
0.001866
0.001012
0.002214
0.000972
0.001113
0.002035
0.001719
0.001899
0.001014
0.001056
0.001979
0.002053
0.002069
0.002683
0.002626
0.001271
0.002301
0.001196
0.000984
0.001594
0.00211
0.001391
0.001106
0.002363
0.00097
0.001152
0.0027
0.001158
0.002067
0.001459
0.001137
0.001035
0.002548
0.002041
0.002165
0.002217
0.002272
0.002737
0.001092
0.002246
0.002069
0.002661
0.001672
0.001686
0.001227
0.002705
0.001801
0.001997
0.002501
0.001666
0.001365
0.002336
0.002065
0.002522
0.002973
0.001028
0.00142
0.00192
0.002651
0.001986
0.002312
0.00242
0.001789
0.002179
0.001727
0.001478
0.001007
0.001245
0.0011
0.002841
0.001143
0.000993
0.00144
0.002784
0.001639
0.002146
0.001209
0.002644
0.002042
0.001168
0.001017
0.001098
0.001151
0.002945
0.001846
0.000985
0.000947
0.00231
0.001537
0.002565
0.002351
0.001908
0.001073
0.002694
0.001424
0.002051
0.001834
0.001712
0.001015
0.001969
0.00241
0.00121
0.003157
0.001134
0.002241
0.001231
0.00133
0.002131
0.003121
0.00339
0.002256
0.002604
0.001724
0.002588
0.002159
0.002275
0.002058
0.001792
0.0011
0.001102
0.002215
0.001091
0.002656
0.001468
0.001133
0.001601
0.002766
0.001313
0.001392
0.002088
0.001016
0.001668
0.003089
0.002572
0.002264
0.002141
0.001165
0.002053
0.24479
0.003476
0.00152
0.001986
0.00114
0.001037
0.002648
0.002262
0.002502
0.002053
0.002393
0.000902
0.002805
0.002151
0.001514
0.00356
0.002128
0.00305
0.00273
0.002499
0.00313
0.001964
0.000959
0.001086
0.001568
0.002798
0.002146
0.001129
0.001875
0.002545
0.00114
0.001607
0.002381
0.002918
0.001098
0.002311
0.001915
0.002548
0.002118
0.003752
0.002272
0.002813
0.002402
0.002224
0.002356
0.00206
0.002963
0.002143
0.001155
0.002273
0.001963
0.001044
0.001849
0.002246
0.001277
0.002236
0.001484
0.001679
0.001241
0.000981
0.002318
0.001458
0.002106
0.00117
0.002478
0.001529
0.002037
0.002447
0.001697
0.001032
0.002391
0.001129
0.001067
0.001071
0.00108
0.002346
0.001841
0.002141
0.001029
0.001072
0.002463
0.000991
0.000993
0.001426
0.000995
0.001294
0.002143
0.002146
0.002452
0.001061
0.001729
0.001916
0.001675
0.001003
0.002189
0.001575
0.002006
0.001895
0.002443
0.001395
0.000955
0.001573
0.002686
0.002385
0.002639
0.00183
0.001375
0.001842
0.002384
0.001133
0.002049
0.001127
0.002649
0.001869
0.003137
0.003186
0.002192
0.002114
0.00362
0.002725
0.002905
0.00205
0.002857
0.001855
0.001393
0.002502
0.001394
0.004198
0.00125
0.002253
0.002527
0.001069
0.001614
0.001461
0.002127
0.002633
0.001357
0.001429
0.001899
0.002112
0.002299
0.001075
0.002084
0.001955
0.002769
0.002156
0.001605
0.00164
0.0018
0.002216
0.002723
0.00129
0.001548
0.001267
0.002638
0.003311
0.002543
0.001332
0.001867
0.002463
0.002769
0.001024
0.001941
0.001548
0.001465
0.001885
0.003008
0.001888
0.002045
0.003415
0.001099
0.001702
0.002208
0.002489
0.001099
0.002302
0.00286
0.00164
0.001127
0.002622
0.001438
0.002758
0.000969
0.00224
0.001484
0.00141
0.001376
0.001193
0.001634
0.00228
0.001924
0.001066
0.002698
0.001207
0.002228
0.001056
0.002609
0.002519
0.001079
0.002841
0.001072
0.000965
0.001628
0.002541
0.001081
0.001129
0.003301
0.001283
0.00225
0.001278
0.001817
0.001631
0.002099
0.002457
0.001334
0.001256
0.001186
0.002348
0.001296
0.001223
0.002081
0.002621
0.001959
0.001699
0.003141
0.00223
0.003226
0.003017
0.001642
0.00241
0.001219
0.002083
0.001074
0.001164
0.001067
0.001418
0.00187
0.001882
0.001939
0.002203
0.00183
0.002087
0.001834
0.001409
0.00104
0.000969
0.001063
0.001712
0.001506
0.001311
0.001804
0.002702
0.001276
0.001906
0.002172
0.001306
0.002074
0.001151
0.001958
0.001072
0.001075
0.002072
0.001435
0.003368
0.00225
0.002437
0.001422
0.001811
0.00101
0.001751
0.002927
0.001178
0.002542
0.003023
0.001177
0.001687
0.002449
0.001643
0.001222
0.001135
0.001058
0.001456
0.00118
0.001231
0.002319
0.001931
0.002202
0.001289
0.002349
0.002416
0.002759
0.00176
0.001138
0.001109
0.001207
0.002257
0.001045
0.002436
0.002345
0.000986
0.001606
0.003165
0.002169
0.003216
0.002205
0.002339
0.00211
0.002789
0.001208
0.003003
0.001295
0.002616
0.00115
0.002259
0.002062
0.002402
0.00204
0.002814
0.001535
0.001259
0.001617
0.002568
0.001319
0.002228
0.002435
0.002121
0.002263
0.001247
0.0011
0.000949
0.002166
0.001023
0.00226
0.001069
0.001121
0.001096
0.002116
0.001093
0.001219
0.001461
0.001391
0.002072
0.001829
0.001544
0.00249
0.003133
0.002326
0.001719
0.001175
0.001146
0.002413
0.00103
0.0012
0.003215
0.002961
0.002783
0.002655
0.001622
0.00209
0.002118
0.001117
0.002041
0.002757
0.00109
0.001479
0.002244
0.001144
0.001973
0.00274
0.003305
0.00239
0.002135
0.001225
0.001876
0.00277
0.002812
0.001515
0.001936
0.002069
0.001179
0.002329
0.00288
0.002539
0.001989
0.001567
0.001852
0.001679
0.001583
0.001971
0.001746
0.001241
0.002342
0.001904
0.002322
0.002603
0.001103
0.001208
0.002737
0.001025
0.00255
0.001187
0.002603
0.003105
0.002311
0.003546
0.002182
0.00328
0.001638
0.002455
0.001512
0.002447
0.00117
0.001084
0.002431
0.001968
0.00261
0.002984
0.001335
0.001044
0.001102
0.001933
0.002877
0.002254
0.002328
0.00118
0.002247
0.001207
0.001541
0.001854
0.003118
0.001932
0.00127
0.001474
0.00315
0.001969
0.002331
0.002261
0.002133
0.002237
0.002612
0.001221
0.002607
0.002587
0.001034
0.003169
0.002108
0.001137
0.001176
0.002707
0.003389
0.002504
0.001585
0.002185
0.002148
0.001677
0.002282
0.002172
0.001957
0.00293
0.002257
0.002809
0.002107
0.001174
0.004253
0.001508
0.001051
0.001095
0.002271
0.002237
0.001658
0.001187
0.001242
0.001072
0.00183
0.002136
0.001158
0.001812
0.002343
0.003068
0.001974
0.001035
0.001274
0.001154
0.00104
0.001253
0.000925
0.001988
0.001065
0.001329
0.002466
0.002353
0.002178
0.001037
0.001894
0.001714
0.001991
0.001602
0.002512
0.001104
0.000977
0.001858
0.001013
0.001761
0.0013
0.001167
0.002017
0.002022
0.002071
0.002276
0.002084
0.001043
0.00128
0.001093
0.001597
0.001955
0.001893
0.001759
0.002485
0.001125
0.001862
0.003088
0.001656
0.001101
0.002582
0.002461
0.001349
0.00215
0.00173
0.000987
0.001274
0.001151
0.002037
0.001331
0.00106
0.002251
0.001991
0.001059
0.000968
0.002297
0.001878
0.001649
0.002181
0.002354
0.002231
0.001033
0.003469
0.002279
0.002004
0.001068
0.002531
0.001061
0.002105
0.001043
0.002157
0.000984
0.001027
0.001547
0.000987
0.001725
0.00201
0.001677
0.002648
0.001028
0.001036
0.001964
0.001189
0.001075
0.001018
0.0017
0.00219
0.001031
0.001026
0.002731
0.002115
0.000964
0.003135
0.002028
0.001807
0.000884
0.002139
0.001161
0.002901
0.001897
0.001737
0.001783
0.000921
0.001012
0.00167
0.001008
0.001066
0.003006
0.000972
0.002032
0.002618
0.003082
0.001785
0.001095
0.001793
0.001253
0.001745
0.00205
0.001749
0.002079
0.001164
0.002278
0.002124
0.002401
0.001718
0.001291
0.001384
0.001759
0.002062
0.002382
0.001035
0.001574
0.002272
0.002979
0.002384
0.002022
0.002528
0.00208
0.001819
0.002366
0.002207
0.001772
0.002026
0.001912
0.001543
0.002029
0.00216
0.001714
0.00099
0.001328
0.001685
0.001738
0.00093
0.001156
0.001064
0.001861
0.002118
0.000944
0.00314
0.001761
0.001722
0.002262
0.001393
0.002353
