0.00211
0.001382
0.001162
0.003127
0.001564
0.001592
0.00255
0.003099
0.004502
0.001202
0.00126
0.001127
0.003755
0.001764
0.001346
0.001278
0.002942
0.001505
0.001863
0.00488
0.001706
0.001476
0.001386
0.002988
0.004823
0.006547
0.001754
0.001507
0.002984
0.00146
0.001495
0.001295
0.001263
0.001191
0.001347
0.004601
0.002712
0.00123
0.001962
0.003101
0.00127
0.001312
0.001697
0.00225
0.001376
0.002952
0.002763
0.001278
0.001409
0.001354
0.002171
0.003902
0.00256
0.002179
0.001467
0.001532
0.001947
0.001256
0.001237
0.001275
0.001452
0.00209
0.003019
0.001419
0.002263
0.001415
0.002733
0.002109
0.001285
0.001522
0.003193
0.001369
0.002271
0.002176
0.001394
0.001109
0.003452
0.002924
0.001358
0.001253
0.002011
0.001637
0.002472
0.001245
0.001396
0.00145
0.001235
0.002165
0.001321
0.001304
0.002537
0.001383
0.001318
0.001274
0.001471
0.002873
0.001347
0.001595
0.002804
0.001915
0.0012
0.001382
0.001321
0.001312
0.001189
0.001337
0.00134
0.003448
0.001302
0.00325
0.001243
0.002627
0.001363
0.00124
0.001995
0.001166
0.001319
0.00302
0.001807
0.001677
0.001269
0.001686
0.001761
0.001239
0.001293
0.001271
0.001237
0.003985
0.001238
0.003457
0.001411
0.003094
0.00125
0.001334
0.001289
0.00122
0.001514
0.001223
0.002281
0.001058
0.001497
0.001369
0.001354
0.002515
0.002329
0.001249
0.001287
0.001262
0.001268
0.001331
0.00114
0.00147
0.002771
0.0019
0.001285
0.002204
0.001355
0.001268
0.002559
0.001669
0.001257
0.001312
0.002686
0.002257
0.001253
0.001078
0.001167
0.002693
0.001348
0.001203
0.003641
0.001308
0.001251
0.001396
0.001162
0.001604
0.001901
0.001454
0.001095
0.001072
0.00225
0.001594
0.001335
0.001241
0.001308
0.002066
0.002483
0.001107
0.001228
0.001262
0.002461
0.003282
0.00127
0.001215
0.002375
0.00313
0.001777
0.003535
0.001161
0.001806
0.00164
0.00249
0.001938
0.002474
0.003931
0.001459
0.001332
0.001136
0.001172
0.001208
0.002534
0.001535
0.002443
0.003434
0.002204
0.001386
0.001178
0.001126
0.002625
0.001227
0.001112
0.00388
0.001188
0.001175
0.001243
0.001272
0.001258
0.002492
0.001495
0.001314
0.001357
0.001453
0.00125
0.00211
0.001413
0.001217
0.00114
0.00139
0.001298
0.001192
0.001761
0.001233
0.00156
0.002715
0.002512
0.001283
0.001288
0.002057
0.003112
0.001431
0.001749
0.001774
0.001556
0.003377
0.0012
0.002657
0.002263
0.001231
0.001173
0.002508
0.003475
0.002771
0.00168
0.001402
0.001448
0.001293
0.001348
0.002481
0.001088
0.001109
0.003457
0.001172
0.002557
0.00394
0.001276
0.002294
0.002128
0.001634
0.001296
0.001476
0.002619
0.00124
0.002734
0.002767
0.001967
0.002556
0.002501
0.002332
0.001376
0.001431
0.002684
0.001175
0.00232
0.001307
0.001359
0.002452
0.002226
0.002933
0.001714
0.002445
0.00148
0.004142
0.003942
0.001325
0.001427
0.001333
0.001539
0.003374
0.002839
0.001726
0.002013
0.001366
0.001744
0.001753
0.001507
0.004122
0.001564
0.003143
0.001323
0.001842
0.00491
0.004478
0.004169
0.006049
0.004725
0.002719
0.002048
0.002321
0.001552
0.00119
0.001254
0.001475
0.002321
0.002819
0.001327
0.001809
0.002489
0.003207
0.001829
0.004778
0.004009
0.003688
0.003426
0.001428
0.001262
0.001466
0.001617
0.004077
0.001533
0.001404
0.001302
0.001143
0.00154
0.003029
0.001506
0.002669
0.003925
0.001293
0.002163
0.002321
0.002544
0.002691
0.001266
0.002776
0.001377
0.001257
0.001467
0.001487
0.00133
0.001437
0.001528
0.001875
0.002981
0.002615
0.001334
0.002676
0.002402
0.001699
0.00151
0.001298
0.001232
0.001359
0.001292
0.003184
0.00246
0.001327
0.001409
0.001297
0.00135
0.001398
0.001213
0.003129
0.001807
0.003852
0.002271
0.001344
0.002471
0.001351
0.001343
0.001346
0.003019
0.001403
0.003803
0.001382
0.001772
0.003179
0.001359
0.001241
0.00194
0.001285
0.001375
0.003242
0.001376
0.00135
0.003943
0.001246
0.00141
0.001324
0.001353
0.001289
0.001333
0.00134
0.003156
0.00166
0.001379
0.001558
0.001451
0.0013
0.003312
0.001268
0.002127
0.001394
0.001953
0.001263
0.001801
0.00293
0.001254
0.003797
0.002786
0.00122
0.0013
0.00147
0.001186
0.004043
0.001345
0.001383
0.001383
0.001674
0.002611
0.001996
0.001124
0.001252
0.001406
0.001282
0.001036
0.002622
0.001354
0.001252
0.001311
0.0013
0.002064
0.001357
0.001281
0.001268
0.001216
0.002613
0.001255
0.001176
0.001416
0.001181
0.00126
0.001304
0.001736
0.003142
0.002201
0.001333
0.003764
0.002291
0.001298
0.003766
0.002453
0.001248
0.001457
0.001293
0.001302
0.001296
0.001333
0.002461
0.001205
0.001329
0.001442
0.001274
0.00141
0.00133
0.003465
0.00214
0.001729
0.001448
0.003265
0.001364
0.001306
0.001419
0.001203
0.002616
0.001356
0.00303
0.00264
0.001388
0.001312
0.002815
0.001209
0.001313
0.001376
0.001304
0.001227
0.001927
0.0027
0.001227
0.001363
0.002477
0.002417
0.001438
0.001434
0.001382
0.001411
0.002372
0.00234
0.003411
0.001972
0.001528
0.001262
0.002645
0.001323
0.001393
0.00121
0.001263
0.003559
0.001395
0.00362
0.00127
0.002936
0.002491
0.001358
0.00452
0.001531
0.001316
0.002919
0.001208
0.001386
0.001437
0.003248
0.001541
0.003668
0.001508
0.00135
0.001306
0.001267
0.003037
0.00233
0.00122
0.001208
0.002646
0.00132
0.001242
0.001216
0.001134
0.002551
0.001166
0.001154
0.001298
0.002914
0.001396
0.001324
0.003214
0.001517
0.002658
0.002612
0.001398
0.001226
0.001426
0.002403
0.00126
0.001317
0.001304
0.003332
0.001397
0.003533
0.001431
0.00298
0.001257
0.002481
0.001287
0.001187
0.001474
0.002279
0.001258
0.00148
0.002509
0.001322
0.001255
0.002786
0.001324
0.00199
0.00299
0.001793
0.001178
0.001129
0.001657
0.001357
0.001308
0.00209
0.001338
0.001175
0.001267
0.001349
0.001435
0.001229
0.001362
0.001314
0.001784
0.001597
0.001325
0.001288
0.001312
0.003696
0.001409
0.001865
0.001296
0.001703
0.00165
0.001369
0.002592
0.002327
0.003124
0.001937
0.001514
0.001477
0.001315
0.001187
0.003446
0.00241
0.00145
0.003062
0.001405
0.002056
0.001951
0.002724
0.002263
0.001168
0.001251
0.001406
0.001157
0.001295
0.00122
0.004685
0.003129
0.002119
0.003325
0.002657
0.002934
0.001366
0.001266
0.001409
0.001618
0.001343
0.001443
0.002337
0.001227
0.001433
0.002436
0.002474
0.002793
0.00123
0.001271
0.001473
0.002001
0.00161
0.001287
0.001194
0.001527
0.001291
0.001233
0.001277
0.002968
0.001248
0.003687
0.00127
0.001402
0.003192
0.0033
0.002861
0.00331
0.001274
0.001368
0.002308
0.001271
0.001242
0.002654
0.001585
0.001158
0.00338
0.00134
0.00123
0.001207
0.001474
0.001307
0.001303
0.004146
0.001601
0.003073
0.001293
0.001351
0.001447
0.001741
0.003249
0.003404
0.001342
0.001371
0.001265
0.002855
0.002722
0.001331
0.003376
0.001338
0.001244
0.001333
0.002286
0.00118
0.001424
0.002347
0.002415
0.001373
0.002693
0.001274
0.001223
0.002645
0.001417
0.001741
0.001341
0.001242
0.00158
0.001116
0.001279
0.001475
0.001293
0.00303
0.001399
0.001287
0.001354
0.002702
0.001379
0.001296
0.001496
0.001178
0.00128
0.003509
0.001759
0.001175
0.001373
0.002846
0.002745
0.001132
0.001233
0.001218
0.001265
0.001903
0.001209
0.002019
0.002896
0.001205
0.001371
0.001423
0.001425
0.001257
0.002214
0.001212
0.001454
0.002359
0.001531
0.001254
0.003193
0.00299
0.002231
0.001212
0.001728
0.001448
0.003215
0.002049
0.002824
0.002275
0.00129
0.001192
0.002987
0.00207
0.001366
0.002715
0.002588
0.003014
0.001192
0.003104
0.001873
0.00144
0.001128
0.001341
0.00132
0.001227
0.001361
0.001335
0.001489
0.001341
0.0012
0.001676
0.001575
0.001263
0.001352
0.001092
0.001543
0.00145
0.001329
0.001714
0.002788
0.002668
0.002346
0.00126
0.001117
0.001461
0.001951
0.001654
0.003116
0.002622
0.002695
0.003826
0.001483
0.001469
0.00161
0.002188
0.00141
0.002196
0.003551
0.001803
0.001691
0.002197
0.001653
0.001452
0.002303
0.001189
0.001224
0.001739
0.00117
0.001421
0.001358
0.001291
0.004333
0.001444
0.001286
0.001459
0.003062
0.001272
0.001274
0.001288
0.001222
0.001413
0.001807
0.001952
0.002402
0.003559
0.001755
0.001436
0.002596
0.002992
0.00126
0.003007
0.001829
0.001268
0.001849
0.001135
0.001476
0.001197
0.002242
0.001303
0.002794
0.000944
0.004077
0.001571
0.002118
0.00251
0.001189
0.001625
0.001472
0.001385
0.002638
0.0024
0.004323
0.001216
0.001159
0.001153
0.001215
0.001296
0.002061
0.001315
0.0012
0.001432
0.001372
0.001199
0.002234
0.002184
0.003118
0.002734
0.001298
0.001466
0.001283
0.002715
0.001775
0.002158
0.00146
0.001171
0.001491
0.002226
0.001208
0.002427
0.001184
0.001157
0.002229
0.001142
0.002596
0.001404
0.001572
0.001966
0.002299
0.001227
0.001198
0.001307
0.003108
0.002829
0.001276
0.001459
0.001164
0.00115
0.001835
0.002002
0.00278
0.003484
0.001207
0.003572
0.001396
0.001227
0.001284
0.001388
0.001388
0.002054
0.002693
0.001406
0.001379
0.001189
0.00168
0.001042
0.004289
0.001884
0.001263
0.001302
0.001075
0.001338
0.00132
0.002927
0.001235
0.00125
0.001193
0.002203
0.001205
0.001252
0.0012
0.001253
0.002737
0.003779
0.002175
0.002463
0.003394
0.003045
0.001234
0.004229
0.001165
0.001226
0.001081
0.001283
0.001634
0.001222
0.001205
0.002233
0.002616
0.001233
0.001146
0.002426
0.002915
0.002283
0.00124
0.002343
0.001367
0.001134
0.001211
0.00131
