0.002385
0.003151
0.002426
0.00264
0.001187
0.001205
0.001251
0.001256
0.002209
0.003252
0.001312
0.001019
0.001318
0.001241
0.001575
0.001298
0.002596
0.00111
0.001423
0.001326
0.00124
0.001218
0.002416
0.00132
0.002089
0.002758
0.001158
0.001228
0.001224
0.002211
0.001445
0.002022
0.001166
0.00236
0.002468
0.002024
0.00138
0.001372
0.001211
0.002086
0.003071
0.002759
0.002012
0.001995
0.00127
0.001775
0.002233
0.002584
0.002118
0.001718
0.001433
0.002317
0.001749
0.003819
0.003319
0.001262
0.002234
0.001136
0.002919
0.002252
0.001348
0.001994
0.002862
0.002198
0.001164
0.003099
0.00118
0.001147
0.002438
0.001584
0.002469
0.001105
0.002627
0.001766
0.001231
0.00213
0.001375
0.001389
0.001161
0.002151
0.002595
0.002284
0.002823
0.00234
0.0029
0.00161
0.001269
0.001269
0.00294
0.001229
0.002467
0.001998
0.002759
0.003451
0.001251
0.001868
0.001275
0.001339
0.001194
0.002433
0.001165
0.001322
0.001078
0.00135
0.001312
0.001219
0.001318
0.00116
0.002147
0.002685
0.001385
0.001156
0.001129
0.001241
0.001223
0.001141
0.001208
0.0012
0.001245
0.002231
0.004508
0.0012
0.0014
0.001271
0.001105
0.001221
0.001306
0.003435
0.001119
0.002501
0.001086
0.000989
0.001555
0.001156
0.001491
0.00118
0.001317
0.001114
0.001506
0.001955
0.002202
0.002487
0.002486
0.00131
0.001711
0.001397
0.001339
0.001238
0.001501
0.001163
0.001316
0.002391
0.001338
0.00113
0.001873
0.001407
0.001227
0.00126
0.002141
0.001472
0.002235
0.001509
0.002242
0.002336
0.002638
0.00239
0.001246
0.001184
0.001258
0.002994
0.001486
0.0024
0.003927
0.002824
0.00111
0.001228
0.001133
0.002427
0.001161
0.001368
0.004194
0.001319
0.001251
0.001119
0.001747
0.00284
0.001585
0.0021
0.001235
0.001257
0.002603
0.00371
0.001201
0.001076
0.001219
0.001171
0.002305
0.001236
0.002509
0.00171
0.001139
0.002359
0.001133
0.003364
0.001205
0.003576
0.001461
0.001152
0.001217
0.001157
0.001219
0.001338
0.002128
0.001587
0.001947
0.00105
0.001127
0.002166
0.002905
0.002457
0.001218
0.001129
0.002835
0.001144
0.002375
0.001576
0.002076
0.001437
0.002187
0.001806
0.001345
0.001462
0.001282
0.002029
0.00152
0.001354
0.00122
0.002143
0.001183
0.001143
0.001329
0.001146
0.001225
0.001269
0.001037
0.00175
0.001139
0.001564
0.00235
0.002156
0.002137
0.002685
0.001339
0.002321
0.001191
0.002712
0.00224
0.001191
0.001237
0.001931
0.002036
0.00197
0.001418
0.001938
0.001145
0.00269
0.00115
0.002841
0.001382
0.001308
0.001257
0.001217
0.001111
0.001324
0.002046
0.001176
0.001623
0.001124
0.001202
0.001277
0.001697
0.003001
0.002023
0.002164
0.001853
0.0014
0.001199
0.003296
0.002743
0.002141
0.00234
0.002431
0.002693
0.002582
0.001319
0.002867
0.001174
0.001525
0.001361
0.002507
0.001157
0.00114
0.002947
0.001397
0.003901
0.002926
0.001334
0.003102
0.001397
0.002132
0.001123
0.003849
0.001478
0.001864
0.001262
0.002612
0.002885
0.002373
0.001096
0.002036
0.002234
0.001122
0.001158
0.002885
0.001304
0.001214
0.001239
0.002275
0.001164
0.002541
0.003005
0.002859
0.001201
0.001067
0.004118
0.001299
0.00106
0.001184
0.001308
0.001306
0.001261
0.001386
0.003128
0.004602
0.001155
0.002913
0.001975
0.001122
0.001504
0.001478
0.001257
0.002152
0.001156
0.001438
0.002418
0.001239
0.001212
0.001319
0.00142
0.002295
0.003601
0.001234
0.001287
0.001653
0.002314
0.003734
0.00135
0.003104
0.001992
0.001494
0.001173
0.003219
0.001408
0.001154
0.002712
0.001104
0.001072
0.001223
0.001231
0.001611
0.001281
0.001294
0.001236
0.001255
0.003291
0.002089
0.001214
0.001352
0.002337
0.001409
0.001494
0.001944
0.001254
0.001315
0.001427
0.00173
0.001567
0.002311
0.001271
0.001191
0.002575
0.002652
0.001337
0.001836
0.001145
0.001193
0.001383
0.001511
0.001396
0.001342
0.001535
0.001311
0.002219
0.00304
0.002972
0.001223
0.001254
0.001789
0.001124
0.001097
0.001316
0.002323
0.00138
0.002479
0.00129
0.002453
0.001273
0.001269
0.002637
0.001121
0.001429
0.001207
0.002138
0.002184
0.001189
0.002803
0.002688
0.003147
0.001081
0.001078
0.001437
0.001169
0.001074
0.001409
0.001178
0.001205
0.00235
0.001072
0.001111
0.002203
0.003018
0.001287
0.001604
0.002369
0.002851
0.001574
0.001282
0.001427
0.001228
0.001393
0.001172
0.002562
0.001356
0.001283
0.002432
0.00121
0.00142
0.003044
0.003465
0.00114
0.002281
0.001174
0.001934
0.001395
0.001228
0.001182
0.001744
0.002822
0.001814
0.001797
0.001231
0.001299
0.001345
0.001312
0.001371
0.002115
0.001208
0.003384
0.001248
0.001324
0.001871
0.00207
0.001285
0.001318
0.003206
0.002818
0.002297
0.001438
0.0011
0.002303
0.00118
0.002197
0.002582
0.001319
0.002199
0.002052
0.001852
0.002982
0.002175
0.002626
0.001484
0.003491
0.001363
0.002026
0.002871
0.001252
0.002613
0.003671
0.001154
0.001191
0.00128
0.001707
0.002861
0.001119
0.002391
0.001243
0.001063
0.001287
0.003204
0.001325
0.0023
0.001199
0.001303
0.001184
0.002815
0.001354
0.002169
0.00128
0.001225
0.001397
0.002532
0.00126
0.001248
0.002394
0.001285
0.001238
0.00232
0.002435
0.0029
0.002589
0.003107
0.001163
0.002596
0.002603
0.002931
0.001244
0.00214
0.001232
0.002605
0.003802
0.002326
0.001167
0.002143
0.002711
0.002351
0.001181
0.001335
0.001391
0.001218
0.001246
0.001125
0.002291
0.003902
0.002
0.003141
0.002979
0.002872
0.002896
0.001393
0.001161
0.001723
0.002863
0.002853
0.001233
0.002908
0.001589
0.002318
0.001112
0.002524
0.001254
0.0013
0.001289
0.001099
0.001209
0.001322
0.001239
0.001314
0.001417
0.001287
0.003519
0.001267
0.001664
0.001278
0.001204
0.002819
0.001286
0.003283
0.003281
0.0012
0.002425
0.001195
0.001207
0.0019
0.001247
0.002983
0.002741
0.003325
0.001311
0.001348
0.001445
0.001196
0.001225
0.003201
0.001232
0.001411
0.001252
0.002595
0.00132
0.001377
0.001269
0.001149
0.001654
0.001236
0.00176
0.002147
0.001834
0.003646
0.002414
0.002633
0.002597
0.001232
0.001137
0.002173
0.001292
0.001282
0.001302
0.001108
0.00123
0.001358
0.003054
0.001643
0.001181
0.00127
0.001328
0.001241
0.001261
0.001176
0.002963
0.00128
0.002768
0.002039
0.001159
0.001265
0.003215
0.0012
0.002442
0.002744
0.001155
0.002619
0.002913
0.001128
0.001984
0.001279
0.001143
0.001141
0.002781
0.001417
0.002325
0.002776
0.002307
0.001409
0.001219
0.001288
0.001461
0.00132
0.001192
0.002594
0.001343
0.002247
0.001189
0.003196
0.001438
0.001428
0.001167
0.00128
0.002164
0.001251
0.001148
0.001187
0.001283
0.001131
0.001966
0.001322
0.001249
0.001463
0.0012
0.001338
0.001281
0.001177
0.002565
0.001266
0.00363
0.001404
0.001299
0.002224
0.002308
0.003996
0.001196
0.002155
0.003517
0.001153
0.001496
0.001229
0.001469
0.001421
0.001189
0.00109
0.001228
0.002938
0.001105
0.001403
0.001295
0.001164
0.002643
0.001206
0.001169
0.002174
0.001182
0.001427
0.001783
0.001256
0.001285
0.0012
0.00129
0.001132
0.001265
0.002376
0.001636
0.002816
0.001217
0.001173
0.002103
0.001349
0.001294
0.001361
0.001162
0.001245
0.002938
0.001149
0.00119
0.003171
0.001833
0.001466
0.001324
0.002636
0.001319
0.001271
0.00132
0.00137
0.001272
0.001229
0.001346
0.002562
0.001974
0.003063
0.001259
0.001227
0.002351
0.002234
0.001184
0.002411
0.001485
0.003186
0.002448
0.00141
0.00171
0.001907
0.003137
0.001214
0.001347
0.001294
0.001371
0.001545
0.001397
0.001296
0.001492
0.002957
0.002148
0.002539
0.002779
0.001314
0.001279
0.002737
0.001843
0.001281
0.001208
0.001257
0.001399
0.001442
0.002277
0.00265
0.001665
0.001857
0.001089
0.001525
0.003976
0.003313
0.002822
0.002314
0.002296
0.001361
0.003696
0.003964
0.001276
0.001058
0.002893
0.001527
0.003179
0.00232
0.001272
0.001311
0.001413
0.002137
0.001255
0.001191
0.001468
0.001262
0.001251
0.001105
0.001228
0.001582
0.001366
0.001173
0.001227
0.001234
0.002075
0.00359
0.002465
0.00111
0.001288
0.003562
0.001294
0.004093
0.001237
0.001599
0.002173
0.001846
0.001132
0.001177
0.001186
0.001227
0.00134
0.001316
0.002951
0.003346
0.001286
0.001344
0.001311
0.00125
0.001226
0.001149
0.002249
0.00158
0.003017
0.002951
0.001669
0.001254
0.001204
0.002636
0.001625
0.00233
0.001549
0.001139
0.001226
0.002601
0.001239
0.001141
0.002988
0.00165
0.002944
0.0013
0.001346
0.001225
0.001379
0.00132
0.001221
0.001204
0.001338
0.001235
0.001299
0.001138
0.001076
0.003154
0.001327
0.001413
0.00352
0.001337
0.001326
0.001804
0.001267
0.001213
0.003628
0.001423
0.004102
0.001504
0.001345
0.001469
0.001296
0.002317
0.001325
0.001743
0.001273
0.001234
0.004209
0.003138
0.002509
0.001288
0.001553
0.00124
0.001205
0.001115
0.001245
0.001145
0.001393
0.001581
0.001987
0.0013
0.001255
0.002676
0.001302
0.001076
0.001352
0.001697
0.001283
0.001196
0.001284
0.002373
0.002287
0.001223
0.003054
0.001179
0.001226
0.001274
0.001268
0.002855
0.001547
0.001441
0.002401
0.002544
0.001212
0.003042
0.001191
0.00128
0.002089
0.001591
0.002004
0.001624
0.001899
0.001617
0.001139
0.001197
0.003903
0.001044
0.001442
0.0012
0.002741
0.001137
0.001162
0.001151
0.001251
0.001268
0.001101
0.001122
0.002343
0.002448
0.001096
0.001206
0.002386
0.001292
0.001288
0.002657
0.001242
0.001162
0.001173
0.003941
0.001198
0.00242
0.003228
0.002768
0.001449
