  -3.4637689e-01  -4.4995133e-02  -6.6987298e-02   8.2426908e+02
  -2.1079239e-01  -1.5876403e-01  -2.3985199e-01   1.3677342e+02
  -1.5529231e-01  -2.0533413e-01  -4.7640998e-01   9.0412256e+01
  -1.9346500e-01  -1.7330345e-01  -7.1874364e-01   1.1899513e+02
  -3.1596444e-01  -7.0514203e-02  -9.0752122e-01   4.5388781e+02
  -4.9279852e-01   7.7867203e-02  -9.9652340e-01   2.0230132e+03
  -3.9442303e-01  -4.6796346e-03  -1.7864327e-01   7.9254258e+03
  -3.3892295e-01  -5.1249734e-02  -4.1520127e-01   4.2370364e+02
  -3.7709563e-01  -1.9219048e-02  -6.5753492e-01   9.6595431e+02
  -4.9959508e-01   8.3570195e-02  -8.4631250e-01   2.4676579e+02
  -6.7642915e-01   2.3195160e-01  -9.3531468e-01   1.3798369e+02
  -8.6430271e-01   3.8959623e-01  -9.0275061e-01   4.0433240e+02
  -4.7759440e-01   6.5109430e-02  -2.4656114e-01   5.6962712e+02
  -5.1576708e-01   9.7140116e-02  -4.8889479e-01   2.2353997e+02
  -6.3826653e-01   1.9992936e-01  -6.7767238e-01   9.2856408e+01
  -8.1510061e-01   3.4831076e-01  -7.6667455e-01   5.9206512e+01
  -1.0029742e+00   5.0595539e-01  -7.3411048e-01   6.3257626e+01
  -1.1558892e+00   6.3426634e-01  -5.8795299e-01   2.4835999e+02
  -5.7552774e-01   1.4728526e-01  -2.5411224e-01   2.5181132e+02
  -6.9802719e-01   2.5007451e-01  -4.4288982e-01   8.6832918e+01
  -8.7486127e-01   3.9845591e-01  -5.3189200e-01   4.6591659e+01
  -1.0627348e+00   5.5610054e-01  -4.9932793e-01   3.7083700e+01
  -1.2156498e+00   6.8441149e-01  -3.5317043e-01   4.6763589e+01
  -1.2961674e+00   7.5197376e-01  -1.2920397e-01   2.0948388e+02
  -6.6424557e-01   2.2172836e-01  -1.9944780e-01   1.6726817e+02
  -8.4107964e-01   3.7010976e-01  -2.8844998e-01   5.8670970e+01
  -1.0289532e+00   5.2775439e-01  -2.5588591e-01   3.5176821e+01
  -1.1818682e+00   6.5606534e-01  -1.0972842e-01   3.1433249e+01
  -1.2623858e+00   7.2362761e-01   1.1423805e-01   4.4229293e+01
  -1.2507924e+00   7.1389960e-01   3.6117869e-01   2.2065621e+02
  -7.2202665e-01   2.7021244e-01  -9.5951590e-02   1.3725533e+02
  -9.0990020e-01   4.2785707e-01  -6.3387520e-02   5.0752226e+01
  -1.0628152e+00   5.5616802e-01   8.2769974e-02   3.3379701e+01
  -1.1433328e+00   6.2373029e-01   3.0673644e-01   3.3062793e+01
  -1.1317394e+00   6.1400228e-01   5.5367708e-01   5.2126088e+01
  -1.0308735e+00   5.2936575e-01   7.6313221e-01   2.9757569e+02
  -7.3472417e-01   2.8086693e-01   3.1036920e-02   1.3204864e+02
  -8.8763920e-01   4.0917787e-01   1.7719441e-01   5.3069094e+01
  -9.6815678e-01   4.7674014e-01   4.0116088e-01   3.8940966e+01
  -9.5656339e-01   4.6701214e-01   6.4810152e-01   4.4157879e+01
  -8.5569751e-01   3.8237561e-01   8.5755665e-01   8.3701827e+01
  -6.9025461e-01   2.4355254e-01   9.7824434e-01   6.4678604e+02
  -3.3136948e-01  -1.3778655e-02  -6.6987298e-02   8.2426908e+02
  -1.5783917e-01  -4.8617588e-02  -2.3985199e-01   1.3677342e+02
  -8.6806373e-02  -6.2878538e-02  -4.7640998e-01   9.0412256e+01
  -1.3566238e-01  -5.3069926e-02  -7.1874364e-01   1.1899513e+02
  -2.9244555e-01  -2.1593244e-02  -9.0752122e-01   4.5388781e+02
  -5.1876989e-01   2.3844920e-02  -9.9652340e-01   2.0230132e+03
  -3.9286221e-01  -1.4330232e-03  -1.7864327e-01   7.9254258e+03
  -3.2182941e-01  -1.5693973e-02  -4.1520127e-01   4.2370364e+02
  -3.7068542e-01  -5.8853616e-03  -6.5753492e-01   9.6595431e+02
  -5.2746859e-01   2.5591321e-02  -8.4631250e-01   2.4676579e+02
  -7.5379293e-01   7.1029484e-02  -9.3531468e-01   1.3798369e+02
  -9.9424634e-01   1.1930428e-01  -9.0275061e-01   4.0433240e+02
  -4.9931061e-01   1.9938165e-02  -2.4656114e-01   5.6962712e+02
  -5.4816662e-01   2.9746776e-02  -4.8889479e-01   2.2353997e+02
  -7.0494979e-01   6.1223458e-02  -6.7767238e-01   9.2856408e+01
  -9.3127413e-01   1.0666162e-01  -7.6667455e-01   5.9206512e+01
  -1.1717275e+00   1.5493642e-01  -7.3411048e-01   6.3257626e+01
  -1.3674387e+00   1.9422850e-01  -5.8795299e-01   2.4835999e+02
  -6.2465240e-01   4.5102497e-02  -2.5411224e-01   2.5181132e+02
  -7.8143557e-01   7.6579179e-02  -4.4288982e-01   8.6832918e+01
  -1.0077599e+00   1.2201734e-01  -5.3189200e-01   4.6591659e+01
  -1.2482133e+00   1.7029214e-01  -4.9932793e-01   3.7083700e+01
  -1.4439244e+00   2.0958422e-01  -3.5317043e-01   4.6763589e+01
  -1.5469763e+00   2.3027351e-01  -1.2920397e-01   2.0948388e+02
  -7.3819954e-01   6.7898867e-02  -1.9944780e-01   1.6726817e+02
  -9.6452387e-01   1.1333703e-01  -2.8844998e-01   5.8670970e+01
  -1.2049773e+00   1.6161183e-01  -2.5588591e-01   3.5176821e+01
  -1.4006884e+00   2.0090391e-01  -1.0972842e-01   3.1433249e+01
  -1.5037403e+00   2.2159319e-01   1.1423805e-01   4.4229293e+01
  -1.4889023e+00   2.1861423e-01   3.6117869e-01   2.2065621e+02
  -8.1215172e-01   8.2745928e-02  -9.5951590e-02   1.3725533e+02
  -1.0526051e+00   1.3102073e-01  -6.3387520e-02   5.0752226e+01
  -1.2483162e+00   1.7031280e-01   8.2769974e-02   3.3379701e+01
  -1.3513681e+00   1.9100209e-01   3.0673644e-01   3.3062793e+01
  -1.3365301e+00   1.8802313e-01   5.5367708e-01   5.2126088e+01
  -1.2074351e+00   1.6210527e-01   7.6313221e-01   2.9757569e+02
  -8.2840287e-01   8.6008603e-02   3.1036920e-02   1.3204864e+02
  -1.0241140e+00   1.2530068e-01   1.7719441e-01   5.3069094e+01
  -1.1271659e+00   1.4598997e-01   4.0116088e-01   3.8940966e+01
  -1.1123279e+00   1.4301100e-01   6.4810152e-01   4.4157879e+01
  -9.8323282e-01   1.1709315e-01   8.5755665e-01   8.3701827e+01
  -7.7148769e-01   7.4581986e-02   9.7824434e-01   6.4678604e+02
  -3.3316521e-01   2.0811318e-02  -6.6987298e-02   8.2426908e+02
  -1.6417537e-01   7.3432138e-02  -2.3985199e-01   1.3677342e+02
  -9.5001157e-02   9.4971915e-02  -4.7640998e-01   9.0412256e+01
  -1.4257884e-01   8.0156962e-02  -7.1874364e-01   1.1899513e+02
  -2.9525974e-01   3.2614495e-02  -9.0752122e-01   4.5388781e+02
  -5.1566225e-01  -3.6015432e-02  -9.9652340e-01   2.0230132e+03
  -3.9304897e-01   2.1644422e-03  -1.7864327e-01   7.9254258e+03
  -3.2387476e-01   2.3704220e-02  -4.1520127e-01   4.2370364e+02
  -3.7145245e-01   8.8892663e-03  -6.5753492e-01   9.6595431e+02
  -5.2413335e-01  -3.8653201e-02  -8.4631250e-01   2.4676579e+02
  -7.4453585e-01  -1.0728313e-01  -9.3531468e-01   1.3798369e+02
  -9.7869775e-01  -1.8019751e-01  -9.0275061e-01   4.0433240e+02
  -4.9671213e-01  -3.0114658e-02  -2.4656114e-01   5.6962712e+02
  -5.4428981e-01  -4.4929612e-02  -4.8889479e-01   2.2353997e+02
  -6.9697071e-01  -9.2472079e-02  -6.7767238e-01   9.2856408e+01
  -9.1737322e-01  -1.6110201e-01  -7.6667455e-01   5.9206512e+01
  -1.1515351e+00  -2.3401639e-01  -7.3411048e-01   6.3257626e+01
  -1.3421254e+00  -2.9336325e-01  -5.8795299e-01   2.4835999e+02
  -6.1877432e-01  -6.8122934e-02  -2.5411224e-01   2.5181132e+02
  -7.7145522e-01  -1.1566540e-01  -4.4288982e-01   8.6832918e+01
  -9.9185773e-01  -1.8429533e-01  -5.3189200e-01   4.6591659e+01
  -1.2260196e+00  -2.5720971e-01  -4.9932793e-01   3.7083700e+01
  -1.4166099e+00  -3.1655658e-01  -3.5317043e-01   4.6763589e+01
  -1.5169654e+00  -3.4780573e-01  -1.2920397e-01   2.0948388e+02
  -7.2935047e-01  -1.0255463e-01  -1.9944780e-01   1.6726817e+02
  -9.4975297e-01  -1.7118456e-01  -2.8844998e-01   5.8670970e+01
  -1.1839149e+00  -2.4409895e-01  -2.5588591e-01   3.5176821e+01
  -1.3745052e+00  -3.0344581e-01  -1.0972842e-01   3.1433249e+01
  -1.4748607e+00  -3.3469496e-01   1.1423805e-01   4.4229293e+01
  -1.4604109e+00  -3.3019553e-01   3.6117869e-01   2.2065621e+02
  -8.0136767e-01  -1.2497968e-01  -9.5951590e-02   1.3725533e+02
  -1.0355296e+00  -1.9789406e-01  -6.3387520e-02   5.0752226e+01
  -1.2261198e+00  -2.5724092e-01   8.2769974e-02   3.3379701e+01
  -1.3264754e+00  -2.8849008e-01   3.0673644e-01   3.3062793e+01
  -1.3120256e+00  -2.8399065e-01   5.5367708e-01   5.2126088e+01
  -1.1863084e+00  -2.4484424e-01   7.6313221e-01   2.9757569e+02
  -8.1719361e-01  -1.2990763e-01   3.1036920e-02   1.3204864e+02
  -1.0077839e+00  -1.8925449e-01   1.7719441e-01   5.3069094e+01
  -1.1081394e+00  -2.2050365e-01   4.0116088e-01   3.8940966e+01
  -1.0936896e+00  -2.1600421e-01   6.4810152e-01   4.4157879e+01
  -9.6797240e-01  -1.7685781e-01   8.5755665e-01   8.3701827e+01
  -7.6176763e-01  -1.1264884e-01   9.7824434e-01   6.4678604e+02
